1 0.179067 0.368221 0.025463 0.030093
1 0.440972 0.259094 0.021495 0.024140
1 0.345238 0.460152 0.036376 0.039352
1 0.691799 0.392692 0.036376 0.043320
1 0.345899 0.741733 0.048942 0.033069
0 0.430556 0.620370 0.033730 0.066138
0 0.670304 0.552579 0.062831 0.022487
0 0.741071 0.448082 0.033069 0.068783
0 0.537698 0.310681 0.050926 0.058532
0 0.425099 0.366567 0.057209 0.040675
0 0.522983 0.427414 0.029431 0.059193
0 0.344081 0.312500 0.060516 0.049603
1 0.430390 0.475198 0.059193 0.033069
1 0.572586 0.665840 0.061177 0.037368
1 0.614914 0.464616 0.059193 0.034392
1 0.698247 0.700397 0.064484 0.030423
1 0.836806 0.491898 0.061839 0.030754
1 0.234623 0.482970 0.043981 0.051918
1 0.257937 0.598380 0.049603 0.051257
1 0.346561 0.578042 0.044974 0.043651
1 0.372189 0.664187 0.040675 0.069775
1 0.469246 0.697917 0.035053 0.059854
1 0.543981 0.547784 0.033069 0.088955
1 0.786045 0.651786 0.065476 0.070767
1 0.297950 0.226687 0.062169 0.057209
2 0.261574 0.365079 0.035714 0.029762
2 0.279762 0.314980 0.039021 0.025463
2 0.455192 0.433366 0.024802 0.024140
2 0.597057 0.273479 0.027447 0.029762
2 0.709160 0.313823 0.026124 0.026455
2 0.633763 0.357970 0.026786 0.030093
2 0.470238 0.508433 0.037037 0.029431
2 0.358962 0.563161 0.035384 0.019180
2 0.617725 0.602183 0.030423 0.021164
2 0.625661 0.582507 0.031085 0.022156