1 0.291005 0.671462 0.028439 0.031415
1 0.278770 0.229993 0.024471 0.028770
1 0.463294 0.355820 0.023810 0.029101
1 0.643353 0.452216 0.027447 0.022817
1 0.580192 0.617394 0.026124 0.022487
1 0.612930 0.631118 0.022156 0.020172
1 0.555225 0.642692 0.032407 0.030754
1 0.474702 0.684193 0.032077 0.052910
1 0.395172 0.451554 0.030423 0.041336
0 0.409226 0.571263 0.039352 0.075066
0 0.393353 0.654101 0.025463 0.070106
0 0.649471 0.605985 0.069444 0.024802
0 0.725529 0.536045 0.068122 0.028439
0 0.685516 0.456515 0.040344 0.070437
0 0.626157 0.422288 0.059854 0.051587
0 0.535384 0.466766 0.064153 0.041336
0 0.374173 0.454034 0.044643 0.068122
1 0.270007 0.560185 0.072421 0.028439
1 0.481316 0.510913 0.027447 0.101852
1 0.542163 0.375165 0.055886 0.085648
1 0.322090 0.302083 0.096561 0.045304
1 0.575893 0.492560 0.087632 0.024140
1 0.628638 0.477348 0.029101 0.072421
1 0.248347 0.395833 0.070106 0.038360
1 0.369709 0.654762 0.030423 0.068783
1 0.657242 0.644180 0.057209 0.051587
2 0.519841 0.699570 0.039683 0.045304
2 0.400628 0.690972 0.034722 0.022817
2 0.650794 0.531415 0.030423 0.015212
2 0.269841 0.630291 0.048280 0.051587