2 0.446594 0.334987 0.022817 0.025132
2 0.686673 0.379630 0.027447 0.024471
2 0.499008 0.640708 0.025132 0.026786
1 0.620866 0.687335 0.041336 0.035384
1 0.539848 0.309028 0.042659 0.028108
0 0.641369 0.576058 0.058532 0.027116
0 0.549272 0.509590 0.028439 0.049603
0 0.412533 0.493552 0.034061 0.051257
0 0.317460 0.407903 0.044974 0.053902
0 0.652778 0.390708 0.035714 0.060516
0 0.627646 0.265542 0.057540 0.029101
0 0.439815 0.280754 0.059524 0.029762
0 0.378472 0.241898 0.042659 0.052579
0 0.505456 0.421296 0.047950 0.025794
0 0.401455 0.424934 0.041667 0.020503
1 0.521495 0.731316 0.029762 0.072421
1 0.357970 0.728505 0.036045 0.078042
1 0.443452 0.638724 0.083333 0.047950
1 0.323578 0.572090 0.059193 0.054894
1 0.252811 0.502315 0.036706 0.073413
1 0.729167 0.615741 0.038360 0.073413
1 0.490410 0.551091 0.041667 0.045966
1 0.409392 0.573247 0.041667 0.049934
1 0.740410 0.496528 0.037037 0.064484
1 0.587136 0.370040 0.050595 0.035714
2 0.268519 0.660549 0.033730 0.034061
2 0.381944 0.686177 0.021164 0.025132
2 0.464616 0.488426 0.022487 0.025132
2 0.615410 0.472388 0.026455 0.030754
2 0.772487 0.331349 0.040344 0.045635
2 0.531085 0.315807 0.021825 0.025794