0 0.396660 0.703208 0.043981 0.093585
1 0.637070 0.260913 0.042659 0.068783
0 0.515873 0.648810 0.056217 0.086640
0 0.611772 0.419478 0.066138 0.071759
0 0.472388 0.369213 0.027447 0.075728
2 0.723214 0.540675 0.049603 0.046958
2 0.447090 0.481481 0.048280 0.033069
2 0.364253 0.327877 0.037368 0.040013
1 0.581349 0.568783 0.035714 0.064815
1 0.574405 0.487599 0.060847 0.042659
1 0.302910 0.134755 0.052249 0.075728
1 0.136243 0.213459 0.101852 0.073082
1 0.538690 0.221726 0.096561 0.075728
0 0.416667 0.302249 0.034392 0.087963
1 0.374008 0.271991 0.050926 0.077050
0 0.676422 0.431878 0.077050 0.035714
1 0.503472 0.344246 0.037368 0.067460
1 0.543320 0.407738 0.067460 0.034392
