1 0.338128 0.752976 0.025463 0.029101
2 0.297950 0.630952 0.020503 0.028439
1 0.217758 0.521660 0.028108 0.030093
1 0.310516 0.405589 0.028439 0.028770
1 0.428241 0.454034 0.041667 0.045635
1 0.499339 0.592427 0.037037 0.055225
1 0.390542 0.539021 0.035714 0.093254
1 0.449239 0.586475 0.036045 0.071759
0 0.412368 0.702381 0.074074 0.038360
0 0.301422 0.611442 0.030754 0.076720
0 0.301257 0.671296 0.053571 0.061508
1 0.206349 0.590939 0.051587 0.051587
1 0.203704 0.683201 0.054233 0.103175
0 0.107970 0.596561 0.052579 0.056878
0 0.155589 0.577216 0.045304 0.069775
1 0.614583 0.712798 0.043320 0.045304
1 0.703704 0.636243 0.080026 0.037037
1 0.638724 0.604993 0.069775 0.038029
2 0.474041 0.500165 0.024140 0.030754
0 0.475033 0.543320 0.064484 0.045635
1 0.557044 0.466766 0.064484 0.045304
1 0.630622 0.418485 0.066138 0.055225
1 0.600364 0.386078 0.041336 0.038690
1 0.559358 0.385582 0.040675 0.030423
1 0.444775 0.350694 0.104497 0.029431
1 0.463955 0.321098 0.067460 0.032407
2 0.374008 0.346892 0.032407 0.042989
2 0.320271 0.351190 0.039352 0.049603