1 0.360284 0.799769 0.034061 0.051918
1 0.185020 0.649802 0.047288 0.042328
1 0.400628 0.694610 0.041336 0.075728
1 0.630126 0.787368 0.073082 0.031746
1 0.715774 0.652116 0.057870 0.075397
1 0.820933 0.532738 0.048611 0.061508
1 0.885913 0.436012 0.076720 0.038029
1 0.517361 0.467427 0.036706 0.041336
1 0.662698 0.436012 0.064815 0.084987
1 0.704034 0.298280 0.052910 0.055556
1 0.577712 0.325066 0.022487 0.021164
1 0.627315 0.277778 0.031746 0.025794
1 0.542824 0.226356 0.040013 0.043981
1 0.256944 0.572917 0.082672 0.026124
1 0.304233 0.290013 0.030423 0.072090
1 0.498512 0.320106 0.036706 0.082672
0 0.153604 0.457837 0.074405 0.034061
0 0.338459 0.421792 0.073082 0.026124
0 0.357970 0.368717 0.074405 0.033069
0 0.791336 0.362765 0.048280 0.063492
0 0.676918 0.210979 0.060185 0.046296
0 0.546296 0.620205 0.066138 0.044643
0 0.332011 0.551257 0.039021 0.072090
0 0.375827 0.150794 0.057870 0.043651
2 0.484292 0.793816 0.029431 0.030754
2 0.614253 0.655093 0.036706 0.036376
2 0.869378 0.610780 0.029762 0.040344
2 0.493221 0.532738 0.030754 0.033069
2 0.241567 0.473214 0.035384 0.034392
2 0.450728 0.387070 0.025794 0.045966
2 0.232143 0.301257 0.040344 0.037698
