1 0.474868 0.658069 0.027116 0.021164
1 0.614253 0.685847 0.020833 0.019180
1 0.634094 0.536376 0.022156 0.019180
1 0.387566 0.514881 0.033069 0.033069
1 0.533234 0.567130 0.036706 0.031085
1 0.752646 0.636574 0.029101 0.043651
0 0.214120 0.576885 0.045304 0.062500
0 0.609954 0.610450 0.050595 0.060185
0 0.800099 0.389550 0.070437 0.044312
0 0.657077 0.804067 0.043651 0.061177
0 0.774967 0.742725 0.067130 0.041005
0 0.434193 0.355159 0.074735 0.027778
0 0.345569 0.407242 0.057540 0.043320
0 0.315476 0.361607 0.072090 0.037368
0 0.338955 0.132771 0.060185 0.028770
1 0.165840 0.431713 0.056548 0.037368
1 0.378803 0.699405 0.040675 0.051587
2 0.406746 0.280423 0.033069 0.032407
2 0.549438 0.391700 0.037368 0.024802
2 0.577712 0.501157 0.030423 0.028770
2 0.915675 0.295304 0.029762 0.031746
2 0.899802 0.305886 0.037698 0.047619
2 0.884590 0.518849 0.027116 0.029762
2 0.553406 0.669312 0.031415 0.027778
1 0.520833 0.819279 0.055556 0.062500
1 0.512731 0.238261 0.079034 0.036706
1 0.708168 0.239253 0.047288 0.074405
1 0.579365 0.085152 0.058862 0.084987
1 0.642526 0.370536 0.081349 0.036706
1 0.601190 0.414187 0.093254 0.048611
1 0.313657 0.743056 0.047288 0.066138
1 0.352513 0.579530 0.035714 0.062500