1 0.394345 0.535384 0.027447 0.028439
1 0.299438 0.466435 0.020833 0.022817
1 0.560516 0.405919 0.021825 0.025463
1 0.612434 0.349372 0.029762 0.029431
1 0.517692 0.639385 0.045304 0.036706
1 0.666171 0.449570 0.040675 0.043981
0 0.493882 0.445767 0.043320 0.062831
0 0.241898 0.502646 0.028108 0.060847
0 0.263558 0.269676 0.045635 0.060516
0 0.342097 0.282903 0.061839 0.038690
0 0.691303 0.326720 0.028770 0.065476
0 0.751323 0.414021 0.031746 0.064153
0 0.657242 0.513889 0.068452 0.033730
0 0.601521 0.567295 0.029762 0.056548
1 0.451554 0.583499 0.075728 0.039352
1 0.331680 0.663525 0.045635 0.075066
1 0.302083 0.381448 0.056548 0.056548
1 0.384755 0.327877 0.036045 0.057209
1 0.492229 0.299272 0.046627 0.064815
1 0.559524 0.262070 0.029762 0.073082
2 0.405258 0.234954 0.025463 0.030754
2 0.261409 0.373677 0.024802 0.031746
2 0.356647 0.477513 0.027447 0.036376
2 0.425430 0.489253 0.030093 0.028108
2 0.315807 0.590112 0.034392 0.028770
2 0.577712 0.588459 0.020503 0.038029
2 0.637235 0.631118 0.035053 0.030754
2 0.728671 0.619378 0.027447 0.028439
2 0.580853 0.442295 0.026786 0.029431
1 0.642857 0.399967 0.048942 0.052579
1 0.645833 0.611938 0.049603 0.040675
1 0.529597 0.529597 0.057870 0.042659
1 0.427083 0.417824 0.022817 0.057870
1 0.538525 0.355489 0.042659 0.069444
2 0.473380 0.784392 0.025463 0.037037
2 0.404927 0.726190 0.024802 0.050265