2 0.246000 0.210000 0.041333 0.058667
2 0.784667 0.570667 0.049333 0.078667
2 0.520667 0.526667 0.052000 0.068000
1 0.645333 0.628000 0.045333 0.062667
1 0.514000 0.816667 0.049333 0.117333
1 0.457333 0.866000 0.088000 0.093333
1 0.448667 0.278000 0.092000 0.045333
1 0.351333 0.346667 0.126667 0.057333
1 0.480667 0.360000 0.086667 0.044000
1 0.312000 0.237333 0.045333 0.089333
0 0.738667 0.626000 0.082667 0.034667
0 0.370000 0.535333 0.046667 0.093333
0 0.280000 0.544667 0.048000 0.088000
0 0.267333 0.464000 0.036000 0.073333
0 0.554667 0.439333 0.042667 0.074667
0 0.396000 0.609333 0.082667 0.044000
