1 0.360450 0.608466 0.022487 0.021164
1 0.604497 0.532903 0.016534 0.020833
1 0.597718 0.648644 0.019511 0.022156
1 0.606978 0.255787 0.045966 0.034722
1 0.597388 0.382771 0.047950 0.040013
1 0.303737 0.238426 0.040013 0.043651
0 0.418320 0.211144 0.060185 0.041336
0 0.450728 0.447751 0.061508 0.025794
0 0.507937 0.503968 0.043651 0.060185
0 0.362103 0.509094 0.054233 0.030754
0 0.457672 0.570767 0.044974 0.049603
0 0.708168 0.516369 0.059193 0.035384
0 0.639716 0.689980 0.063823 0.042659
1 0.754464 0.511243 0.038029 0.051587
1 0.552249 0.609623 0.025132 0.058532
1 0.658565 0.294808 0.040013 0.050595
1 0.213294 0.450231 0.063492 0.063823
1 0.330357 0.401124 0.082672 0.029762
1 0.716270 0.356316 0.049603 0.062500
1 0.541667 0.437169 0.061508 0.066138
1 0.641865 0.457837 0.049603 0.020172
1 0.484788 0.702877 0.033069 0.071098
1 0.368552 0.698743 0.036706 0.076720
0 0.460813 0.314319 0.045966 0.056548
2 0.301257 0.610780 0.039021 0.035714
2 0.248843 0.483300 0.030754 0.026124
2 0.430060 0.374008 0.036706 0.034392
2 0.353175 0.483300 0.029101 0.028770
2 0.529597 0.246032 0.024802 0.031085
2 0.777447 0.438657 0.030423 0.034722
2 0.658399 0.621362 0.035714 0.031085
1 0.265212 0.333829 0.040344 0.055225
1 0.497354 0.251157 0.048280 0.055225
1 0.731151 0.602017 0.031746 0.053241