1 0.546462 0.442460 0.030754 0.022487
1 0.627149 0.268188 0.029431 0.028439
1 0.378803 0.346726 0.019511 0.017526
2 0.278604 0.443783 0.037368 0.016534
1 0.278108 0.442130 0.046958 0.099206
1 0.352017 0.368882 0.082341 0.034061
1 0.233631 0.256448 0.041997 0.079696
1 0.428737 0.516865 0.073743 0.033069
1 0.436673 0.475033 0.067791 0.037368
1 0.545304 0.517857 0.074735 0.042328
1 0.527447 0.240575 0.062831 0.043981
2 0.549603 0.560681 0.022487 0.033399
2 0.451885 0.575397 0.039352 0.044312
1 0.357639 0.690146 0.077712 0.039021
1 0.277778 0.601190 0.081349 0.057540
1 0.388062 0.781911 0.071098 0.040675
1 0.462963 0.776124 0.039021 0.054894
0 0.606978 0.697255 0.075728 0.026786
0 0.573578 0.679563 0.070437 0.028439
1 0.584160 0.611276 0.030754 0.042659
1 0.662202 0.507275 0.027447 0.046958
0 0.739749 0.376323 0.042989 0.082672
0 0.527282 0.348710 0.073082 0.033399
0 0.478009 0.383763 0.027447 0.075728
0 0.442956 0.220569 0.069775 0.060847
0 0.242725 0.518188 0.066138 0.046296