1 0.502646 0.160218 0.030423 0.036706
1 0.740079 0.404597 0.023810 0.024802
1 0.916005 0.364583 0.028439 0.029431
1 0.348545 0.558862 0.022487 0.028439
1 0.508433 0.422950 0.030754 0.023810
1 0.377480 0.614253 0.040013 0.040013
1 0.659061 0.537368 0.050926 0.054233
1 0.470073 0.467923 0.053241 0.033069
1 0.665013 0.230489 0.039021 0.030423
0 0.545800 0.577216 0.065146 0.057870
0 0.464286 0.548115 0.062831 0.059193
0 0.415344 0.652116 0.049603 0.073413
0 0.301257 0.438823 0.034392 0.072090
0 0.459656 0.425430 0.072090 0.040013
0 0.304729 0.537037 0.069775 0.027116
2 0.185516 0.705192 0.034392 0.035384
2 0.428737 0.453538 0.020833 0.036706
2 0.564319 0.424107 0.030093 0.028108
2 0.603175 0.384259 0.039021 0.041667
1 0.659392 0.434524 0.087963 0.078042
1 0.779927 0.356647 0.094246 0.047950
1 0.317460 0.333664 0.078042 0.041005
1 0.521164 0.384259 0.057540 0.055556
1 0.477348 0.763062 0.071759 0.043320
1 0.345569 0.726521 0.062169 0.053571
0 0.824074 0.565807 0.066138 0.066138
1 0.579861 0.672784 0.071098 0.039352
1 0.374835 0.672454 0.073082 0.040013
1 0.311508 0.568618 0.062831 0.043320
1 0.507110 0.513724 0.034061 0.067791