2 0.279101 0.668981 0.033730 0.043651
2 0.394676 0.516369 0.022817 0.040013
2 0.424438 0.535384 0.021495 0.031085
2 0.441634 0.520172 0.029431 0.027116
2 0.463294 0.391038 0.033069 0.026124
2 0.478836 0.345403 0.036376 0.023479
2 0.487434 0.310020 0.034392 0.044643
1 0.291171 0.590443 0.023479 0.022817
1 0.223876 0.428571 0.021164 0.018519
1 0.577050 0.462302 0.021825 0.021164
1 0.382606 0.637235 0.031746 0.028439
1 0.331019 0.394511 0.034392 0.029101
1 0.386905 0.356151 0.031746 0.046296
0 0.419974 0.254134 0.060847 0.043320
0 0.654431 0.348710 0.033730 0.061177
0 0.473710 0.458168 0.046627 0.051918
0 0.285549 0.491567 0.053902 0.042659
0 0.208664 0.503307 0.047619 0.046958
0 0.299438 0.727183 0.026124 0.056217
0 0.479663 0.599041 0.041997 0.056548
0 0.549438 0.648313 0.043981 0.055886
0 0.679067 0.638724 0.055225 0.025463
1 0.544147 0.584491 0.057209 0.038690
1 0.468089 0.367229 0.056548 0.028108
1 0.285880 0.276951 0.075066 0.053241
1 0.563823 0.365410 0.035714 0.082672
1 0.596396 0.243882 0.022156 0.073743
1 0.642857 0.539021 0.061508 0.048280
1 0.437500 0.755456 0.066799 0.045304
1 0.379960 0.461640 0.033069 0.064153
1 0.630291 0.698578 0.051587 0.035384
1 0.684854 0.458829 0.052910 0.039352