1 0.503472 0.777612 0.037368 0.038690
1 0.193452 0.685351 0.031746 0.030093
1 0.249339 0.624008 0.035714 0.029101
1 0.528274 0.225198 0.028770 0.030423
1 0.439980 0.395172 0.056548 0.034392
1 0.604663 0.286376 0.038690 0.045635
1 0.546958 0.612930 0.035714 0.056548
1 0.426422 0.589120 0.056548 0.028108
0 0.276951 0.375992 0.057870 0.072751
0 0.169974 0.632275 0.029101 0.081349
0 0.603505 0.556548 0.033069 0.083995
0 0.492394 0.426257 0.070106 0.038360
0 0.594577 0.349206 0.081349 0.046958
0 0.370536 0.239583 0.057870 0.061839
0 0.471065 0.247851 0.041336 0.084325
1 0.349537 0.521825 0.071429 0.037698
1 0.697090 0.323578 0.072090 0.043320
1 0.724206 0.287864 0.099206 0.045966
1 0.462302 0.480324 0.038360 0.065807
1 0.488261 0.700562 0.096892 0.043981
1 0.327216 0.715112 0.061839 0.082341
1 0.254464 0.740245 0.080357 0.054563
1 0.224372 0.590608 0.079696 0.034392
2 0.237765 0.542659 0.042989 0.028439
2 0.410880 0.554067 0.039352 0.048611
2 0.436508 0.521329 0.031085 0.024140
2 0.404762 0.449570 0.039683 0.035384
2 0.659226 0.262731 0.042659 0.040675
1 0.687996 0.438657 0.063161 0.064484
1 0.695602 0.630291 0.078373 0.033069