1 0.201389 0.284226 0.021164 0.024802
1 0.600529 0.281250 0.033069 0.023479
1 0.450066 0.449570 0.022487 0.024802
1 0.079200 0.436012 0.024802 0.021495
1 0.380952 0.340939 0.028439 0.048280
1 0.490906 0.304233 0.042659 0.048280
1 0.226852 0.611938 0.046296 0.040013
0 0.472057 0.636739 0.063823 0.044643
0 0.643849 0.506779 0.064815 0.042659
0 0.602348 0.418320 0.045966 0.056878
0 0.732804 0.362765 0.049603 0.058862
0 0.562831 0.344577 0.066138 0.043651
0 0.436508 0.502149 0.030423 0.056548
0 0.504464 0.525794 0.050595 0.054233
1 0.223380 0.531746 0.053241 0.054233
1 0.731812 0.517526 0.056878 0.049603
1 0.201389 0.722884 0.066138 0.037698
0 0.516204 0.735946 0.069444 0.042659
1 0.445437 0.392857 0.072090 0.043651
1 0.633763 0.659226 0.077712 0.054563
1 0.477348 0.571263 0.041336 0.067130
1 0.267030 0.345734 0.038690 0.069775
1 0.369709 0.584160 0.050926 0.048611
2 0.381614 0.696429 0.036376 0.052910
2 0.672619 0.581349 0.033069 0.037698
2 0.312500 0.469081 0.033069 0.030754
2 0.323743 0.445437 0.034392 0.035714
2 0.552249 0.441964 0.037698 0.030754
2 0.315972 0.250000 0.030754 0.043651
2 0.385747 0.557044 0.028108 0.029431