2 0.199239 0.676257 0.030754 0.034392
2 0.331349 0.564980 0.031746 0.021495
2 0.378803 0.652943 0.025463 0.030754
2 0.507771 0.443948 0.030093 0.022156
2 0.595734 0.505456 0.032077 0.028770
2 0.585979 0.366237 0.029101 0.028108
1 0.346726 0.663029 0.028108 0.030423
1 0.303241 0.538525 0.045635 0.034061
1 0.417493 0.716104 0.047288 0.024802
1 0.493221 0.554398 0.017526 0.020172
1 0.638558 0.409061 0.022487 0.025132
0 0.321429 0.473876 0.058201 0.030423
0 0.383763 0.384921 0.028108 0.056217
0 0.350033 0.307540 0.034061 0.052249
0 0.528274 0.246362 0.050595 0.038360
0 0.454861 0.458003 0.061839 0.031085
0 0.542989 0.470073 0.032407 0.049272
0 0.521164 0.690146 0.060847 0.022487
0 0.464947 0.564153 0.024471 0.059524
0 0.506118 0.631944 0.053902 0.029762
1 0.247520 0.611772 0.036706 0.060185
1 0.271825 0.374835 0.047619 0.059854
1 0.436177 0.286872 0.027116 0.060516
1 0.641204 0.240245 0.037698 0.057209
1 0.777116 0.413525 0.062169 0.057870
1 0.753472 0.569279 0.067791 0.053902
1 0.692956 0.515046 0.050595 0.055225
1 0.626653 0.653604 0.034392 0.056548
1 0.216931 0.480159 0.055556 0.033730
1 0.331019 0.593750 0.056878 0.029431
1 0.392196 0.494544 0.044312 0.041997
1 0.558036 0.550595 0.033399 0.047619
1 0.753638 0.264716 0.022487 0.021495