1 0.629299 0.697421 0.023148 0.029101
1 0.603009 0.668651 0.023479 0.026455
1 0.585483 0.430886 0.025463 0.025132
1 0.510582 0.500331 0.035053 0.024471
2 0.493552 0.521660 0.028108 0.032077
2 0.433862 0.156581 0.029101 0.044643
2 0.581019 0.569940 0.051587 0.042659
1 0.569444 0.196098 0.043651 0.045635
1 0.609788 0.304894 0.058201 0.035714
0 0.470238 0.301918 0.070767 0.057540
0 0.256779 0.234788 0.075728 0.047619
0 0.314153 0.493552 0.064153 0.065146
0 0.437169 0.514054 0.070767 0.043981
0 0.708499 0.670139 0.040013 0.056548
0 0.526124 0.772652 0.068122 0.065146
0 0.545139 0.673446 0.061177 0.061177
0 0.562169 0.408399 0.048942 0.060185
1 0.485946 0.667659 0.032077 0.076720
1 0.434193 0.588459 0.055556 0.060516
1 0.310681 0.670470 0.038029 0.065146
1 0.638062 0.343254 0.075728 0.041005
1 0.686673 0.424603 0.118717 0.041667
1 0.696429 0.280589 0.042989 0.090278
1 0.492229 0.439153 0.077712 0.068783
1 0.426091 0.374008 0.085648 0.084656