1 0.774306 0.580688 0.038029 0.027116
1 0.603009 0.594742 0.030754 0.032077
1 0.325562 0.274140 0.030754 0.023810
1 0.470734 0.441303 0.022817 0.020172
1 0.260251 0.345403 0.026455 0.040675
1 0.289683 0.294808 0.033730 0.039352
1 0.270007 0.422950 0.030754 0.038360
1 0.566138 0.627315 0.040344 0.036376
0 0.740575 0.384259 0.058532 0.060847
0 0.564153 0.257440 0.028439 0.079696
0 0.290344 0.163029 0.061508 0.056217
0 0.336640 0.570602 0.080688 0.034722
0 0.303406 0.641700 0.072421 0.047950
0 0.386739 0.683697 0.068452 0.031415
0 0.334160 0.729167 0.072421 0.035053
0 0.478505 0.608300 0.070767 0.032738
0 0.523644 0.733962 0.024140 0.081019
1 0.435020 0.761409 0.067791 0.055886
1 0.556052 0.708664 0.073082 0.051587
1 0.592262 0.566138 0.087302 0.032407
1 0.231647 0.455192 0.051257 0.069775
1 0.225198 0.386243 0.058862 0.056878
1 0.393684 0.289021 0.046627 0.062169
1 0.570767 0.441138 0.037037 0.070106
1 0.503803 0.454365 0.059193 0.040344
1 0.383102 0.385417 0.040675 0.064484
1 0.786376 0.485780 0.070767 0.030423
2 0.483796 0.448082 0.025132 0.025794
2 0.595238 0.485284 0.029101 0.034722
2 0.439484 0.662698 0.035714 0.053571
2 0.706184 0.607639 0.063823 0.039352