1 0.284226 0.499835 0.027447 0.023479
1 0.438823 0.514881 0.021164 0.017857
1 0.492229 0.635251 0.028770 0.019841
1 0.454365 0.647652 0.034392 0.038029
1 0.374173 0.523644 0.029431 0.035384
1 0.280754 0.248347 0.038360 0.034392
0 0.676587 0.721726 0.037698 0.061839
0 0.600364 0.571759 0.043981 0.052910
0 0.489418 0.304563 0.064815 0.039021
0 0.385251 0.310351 0.064153 0.037368
0 0.382275 0.425430 0.031085 0.059193
0 0.464947 0.389220 0.031085 0.062831
0 0.522983 0.508102 0.039352 0.046627
0 0.571925 0.374835 0.038029 0.054563
1 0.686508 0.304233 0.063492 0.046958
1 0.669643 0.479167 0.044974 0.039683
1 0.691634 0.611111 0.040675 0.060185
1 0.373016 0.644841 0.022487 0.083333
1 0.589286 0.753142 0.027778 0.074405
1 0.736111 0.569940 0.038360 0.061177
1 0.675265 0.398644 0.062831 0.053902
1 0.230655 0.359458 0.050595 0.022487
1 0.520172 0.573909 0.066799 0.024802
1 0.223380 0.605489 0.026786 0.055556
1 0.478671 0.707176 0.053902 0.028108
1 0.555390 0.631448 0.057209 0.035384
2 0.436673 0.779101 0.023479 0.031085
2 0.614087 0.452712 0.031085 0.028439
2 0.497354 0.460483 0.035053 0.032077
2 0.498677 0.403604 0.031746 0.023479
2 0.352348 0.401620 0.028770 0.032077
2 0.341104 0.461475 0.031415 0.040675
2 0.520503 0.531911 0.020503 0.030754
2 0.536045 0.533399 0.019841 0.032407