1 0.170966 0.452216 0.027778 0.026786
1 0.477679 0.602679 0.022156 0.028108
1 0.598049 0.388558 0.032738 0.028439
1 0.618882 0.195437 0.026124 0.025794
1 0.456680 0.262070 0.035714 0.030754
1 0.100033 0.474537 0.032077 0.036376
1 0.294147 0.667659 0.037368 0.046296
1 0.601356 0.654762 0.023479 0.027778
1 0.605159 0.355820 0.053571 0.032407
1 0.418155 0.283896 0.053902 0.028108
0 0.388889 0.318948 0.066799 0.054563
0 0.474372 0.244874 0.067791 0.038690
0 0.564649 0.162202 0.068452 0.049934
0 0.569775 0.313492 0.064815 0.032407
0 0.566964 0.450728 0.073082 0.031746
0 0.603836 0.559854 0.052910 0.065476
0 0.416171 0.611442 0.033399 0.072090
1 0.317295 0.272487 0.069775 0.029101
1 0.470569 0.379464 0.045635 0.059193
1 0.659888 0.178406 0.059193 0.059854
1 0.324074 0.524140 0.095899 0.029762
1 0.516204 0.525628 0.077381 0.067791
1 0.323082 0.348876 0.062169 0.057540
1 0.741402 0.252811 0.087963 0.036706
2 0.690972 0.405919 0.028770 0.099537
2 0.417659 0.439980 0.037698 0.047288
2 0.413525 0.473545 0.026124 0.029762
2 0.483796 0.459987 0.021825 0.029101
2 0.613095 0.328538 0.021825 0.030754
2 0.301918 0.489914 0.044312 0.047950
1 0.582176 0.640212 0.059854 0.044974
1 0.337467 0.439815 0.041336 0.060185
1 0.901124 0.367890 0.037698 0.026124