1 0.319610 0.352679 0.023479 0.024802
1 0.617725 0.300265 0.018519 0.020503
1 0.478505 0.492394 0.028439 0.028439
1 0.360450 0.564980 0.020503 0.023479
1 0.546131 0.786210 0.025463 0.043981
1 0.541501 0.548776 0.034722 0.034061
1 0.382606 0.352348 0.038360 0.038029
0 0.334325 0.255126 0.042328 0.065146
0 0.474868 0.207176 0.033730 0.067130
0 0.663856 0.398810 0.051257 0.044312
0 0.699239 0.473545 0.063823 0.029762
0 0.511574 0.584491 0.061508 0.051918
0 0.252315 0.431052 0.064815 0.043981
1 0.221230 0.351356 0.060847 0.052579
1 0.532738 0.704861 0.072090 0.038690
1 0.445602 0.663360 0.055886 0.086640
1 0.387731 0.553571 0.051918 0.073413
1 0.393684 0.420139 0.082341 0.028108
1 0.619709 0.627149 0.041667 0.097553
1 0.472222 0.356812 0.050265 0.063492
1 0.631283 0.498677 0.028439 0.065476
2 0.297950 0.555556 0.045635 0.051587
2 0.509425 0.300595 0.030754 0.017196
2 0.577050 0.631448 0.019841 0.036706
0 0.657573 0.761409 0.057209 0.057209