1 0.365741 0.526786 0.028439 0.033069
1 0.493221 0.488591 0.023479 0.024802
1 0.548611 0.631448 0.028439 0.024802
1 0.620701 0.636739 0.025794 0.026124
2 0.408730 0.635086 0.036376 0.036706
2 0.262897 0.574901 0.052249 0.057870
2 0.508598 0.524636 0.033069 0.023479
1 0.375165 0.469577 0.056548 0.043651
1 0.585979 0.421792 0.034392 0.061177
1 0.544643 0.297784 0.050926 0.044643
1 0.627811 0.447255 0.040013 0.032077
0 0.667328 0.613261 0.081349 0.030754
0 0.518022 0.564649 0.068452 0.042659
0 0.466601 0.504464 0.029762 0.071098
0 0.313161 0.432374 0.048280 0.075728
0 0.668651 0.520999 0.083995 0.042659
0 0.676257 0.481978 0.078042 0.051918
0 0.493882 0.396495 0.069775 0.050926
1 0.460152 0.633267 0.071098 0.040344
1 0.590608 0.626157 0.036376 0.068452
1 0.497354 0.645503 0.048280 0.072090
1 0.727017 0.421296 0.089616 0.072090
1 0.647321 0.381614 0.024802 0.087302
1 0.572917 0.285384 0.060516 0.093254
1 0.650298 0.562996 0.068452 0.053241
1 0.520337 0.439649 0.063823 0.051918