1 0.249339 0.420139 0.052249 0.053902
0 0.715774 0.611607 0.092262 0.056548
0 0.582672 0.545470 0.066138 0.084325
0 0.327050 0.316799 0.081349 0.062169
0 0.402943 0.445602 0.042659 0.085648
0 0.491071 0.541336 0.078704 0.059524
0 0.675099 0.443618 0.074405 0.059193
1 0.588955 0.738426 0.050926 0.083995
1 0.433862 0.576389 0.054894 0.082672
1 0.442130 0.198247 0.113095 0.056548
1 0.637070 0.285714 0.056548 0.049603
1 0.597884 0.408399 0.035714 0.071429
2 0.295304 0.123843 0.064815 0.064484
2 0.520007 0.610946 0.040013 0.036045
2 0.320933 0.423611 0.043981 0.035714
0 0.494378 0.340939 0.033069 0.085317
