1 0.386409 0.233300 0.017526 0.020833
1 0.527447 0.513889 0.024471 0.019841
1 0.425595 0.643188 0.024471 0.019180
1 0.529927 0.590112 0.041997 0.040013
1 0.449074 0.319444 0.046958 0.033069
1 0.707507 0.540840 0.031415 0.045966
0 0.605159 0.559193 0.044312 0.060185
0 0.651786 0.464286 0.066138 0.025132
0 0.739253 0.323247 0.032077 0.067130
0 0.644015 0.250165 0.040013 0.065146
0 0.212798 0.408234 0.042659 0.053902
0 0.237103 0.573413 0.066799 0.027778
0 0.279762 0.522652 0.047619 0.067130
0 0.439815 0.522983 0.027116 0.061177
0 0.507771 0.494378 0.042659 0.055556
1 0.597884 0.369048 0.068122 0.041667
1 0.337632 0.765046 0.055556 0.034722
1 0.465112 0.776620 0.061839 0.034061
1 0.357639 0.412533 0.043320 0.062500
1 0.522652 0.174438 0.079034 0.058532
1 0.455522 0.371197 0.061839 0.075728
1 0.322421 0.341931 0.060185 0.057540
1 0.365079 0.522156 0.054894 0.060847
1 0.620040 0.731978 0.085979 0.040013
1 0.464451 0.541832 0.038029 0.061839
2 0.258267 0.409392 0.025794 0.033730
2 0.408399 0.264716 0.025132 0.032077
2 0.574735 0.439319 0.037037 0.027447
2 0.679729 0.569444 0.018188 0.033730
2 0.814484 0.468915 0.036376 0.029762
2 0.640873 0.564484 0.027778 0.024471
2 0.478340 0.558532 0.022156 0.033069