1 0.154266 0.277116 0.030754 0.034392
1 0.398148 0.689980 0.027116 0.030754
1 0.426422 0.513393 0.029431 0.029431
1 0.549272 0.588294 0.034392 0.042328
1 0.288360 0.499173 0.043651 0.027447
1 0.371528 0.322090 0.040013 0.031746
0 0.270503 0.462632 0.060185 0.048280
0 0.630787 0.657407 0.071759 0.029762
0 0.627976 0.571759 0.033069 0.075397
0 0.793155 0.506779 0.059193 0.068452
0 0.605985 0.383433 0.060516 0.062500
0 0.375661 0.544643 0.036376 0.085317
0 0.444279 0.571263 0.074405 0.045966
0 0.386243 0.364583 0.064815 0.065146
2 0.557705 0.461971 0.041336 0.042328
2 0.394511 0.629630 0.034392 0.021164
2 0.499669 0.644511 0.022487 0.027116
1 0.501653 0.651951 0.081349 0.035384
1 0.534722 0.626323 0.085979 0.028439
1 0.437004 0.598049 0.088955 0.045304
1 0.348380 0.631448 0.028108 0.071759
1 0.685847 0.551587 0.050926 0.070767
1 0.497685 0.437500 0.058862 0.036376
1 0.558862 0.340112 0.066138 0.030754
1 0.447751 0.294974 0.095899 0.033069