1 0.648644 0.688161 0.024802 0.031746
1 0.564649 0.574239 0.027447 0.026124
1 0.292989 0.560020 0.031746 0.026124
1 0.461310 0.625496 0.049603 0.032077
1 0.464947 0.388724 0.044974 0.038029
1 0.568783 0.437665 0.037698 0.057870
1 0.356812 0.549934 0.034392 0.046296
0 0.196759 0.747851 0.052249 0.063823
0 0.428902 0.697586 0.039021 0.069775
0 0.546958 0.681052 0.039021 0.077050
0 0.660880 0.719411 0.056548 0.073082
0 0.506779 0.577050 0.077050 0.034392
0 0.606647 0.502149 0.035384 0.080357
0 0.502646 0.466601 0.042328 0.078042
0 0.295470 0.404762 0.057870 0.055556
2 0.545635 0.778439 0.043651 0.042328
2 0.799107 0.737269 0.040013 0.030754
2 0.359127 0.594742 0.029762 0.020172
2 0.405754 0.665675 0.044974 0.046296
1 0.678075 0.780754 0.086310 0.033069
1 0.742394 0.636739 0.066138 0.061177
1 0.184524 0.660053 0.033730 0.099868
1 0.321429 0.383102 0.078704 0.071098
1 0.715608 0.483796 0.034392 0.066799
1 0.456845 0.652778 0.057209 0.045635
1 0.382110 0.571263 0.059193 0.043320
1 0.344081 0.433862 0.073082 0.033069
1 0.260086 0.432870 0.070437 0.033069
1 0.478009 0.470238 0.041997 0.076058