1 0.282242 0.376488 0.024802 0.024802
1 0.468915 0.350364 0.031746 0.041336
1 0.568122 0.581184 0.022487 0.023479
1 0.711144 0.403604 0.041336 0.041336
1 0.379299 0.663856 0.034392 0.047288
0 0.184358 0.314815 0.053241 0.055556
0 0.449570 0.178406 0.063823 0.051918
0 0.427083 0.494544 0.028108 0.057870
0 0.639716 0.711640 0.047288 0.055556
0 0.611938 0.680390 0.045966 0.051918
0 0.496693 0.635582 0.070767 0.037698
0 0.636078 0.544643 0.028108 0.063492
0 0.795470 0.467262 0.063823 0.031746
1 0.321925 0.695271 0.047288 0.067130
1 0.207507 0.536872 0.068452 0.036706
1 0.292989 0.496197 0.088624 0.040013
1 0.127646 0.509094 0.031746 0.080357
1 0.385747 0.339120 0.077712 0.054563
1 0.619048 0.319114 0.064815 0.044974
1 0.565807 0.484292 0.043651 0.063823
1 0.779101 0.541005 0.049603 0.078042
2 0.737599 0.226356 0.040013 0.041336
2 0.441799 0.270668 0.039021 0.044643
2 0.467097 0.568287 0.035384 0.028108
2 0.418816 0.662698 0.038029 0.033069
2 0.494874 0.763062 0.036706 0.030754
2 0.520337 0.796131 0.030754 0.040013
2 0.764220 0.448413 0.034392 0.027116
