1 0.640046 0.319775 0.057209 0.048942
1 0.765708 0.560185 0.057870 0.047619
2 0.453704 0.349372 0.029101 0.036706
2 0.357804 0.415675 0.033069 0.033069
2 0.468419 0.444114 0.025463 0.031746
2 0.485780 0.460648 0.032407 0.020503
2 0.606481 0.241898 0.033069 0.026786
2 0.496693 0.502976 0.035053 0.031085
1 0.500165 0.609788 0.054563 0.035053
1 0.492229 0.412368 0.040013 0.052249
1 0.268022 0.337632 0.080357 0.035053
1 0.339782 0.423942 0.073743 0.033069
1 0.678571 0.464616 0.052910 0.066138
1 0.351852 0.554563 0.064815 0.032407
1 0.598380 0.738591 0.060516 0.054563
1 0.644511 0.601852 0.044312 0.071429
1 0.405754 0.488426 0.031085 0.046296
2 0.597718 0.643519 0.030093 0.027116
1 0.533730 0.537037 0.017857 0.020503
1 0.602844 0.530258 0.017196 0.022156
1 0.540509 0.296131 0.018188 0.024140
1 0.385086 0.233300 0.038029 0.038690
1 0.517030 0.369544 0.037368 0.023479
1 0.416501 0.759259 0.030093 0.037698
0 0.311839 0.671296 0.035714 0.048280
0 0.512235 0.679894 0.046958 0.048942
0 0.418651 0.635251 0.031746 0.061508
0 0.429894 0.569444 0.046296 0.046958
0 0.232308 0.485946 0.059854 0.024802
0 0.574239 0.496362 0.031415 0.052249
0 0.588790 0.415013 0.026124 0.063492
0 0.405093 0.418155 0.035053 0.054563