1 0.309358 0.379630 0.018849 0.019841
1 0.283234 0.390708 0.022817 0.021495
1 0.339947 0.691303 0.017857 0.020833
1 0.227679 0.434689 0.041336 0.029431
1 0.629630 0.364583 0.047619 0.026786
1 0.419974 0.648313 0.035714 0.044643
0 0.527778 0.310351 0.048942 0.045304
0 0.423776 0.389220 0.044643 0.046296
0 0.500827 0.390873 0.058532 0.033069
0 0.497520 0.494213 0.025463 0.059193
0 0.688327 0.588128 0.038029 0.059193
0 0.688161 0.501488 0.051587 0.041997
0 0.355159 0.515046 0.049603 0.046627
0 0.199570 0.363757 0.060516 0.027116
0 0.449570 0.277282 0.024802 0.059193
1 0.198743 0.519345 0.050926 0.040675
1 0.280093 0.499835 0.059524 0.024802
1 0.674438 0.438492 0.041997 0.046958
1 0.495701 0.696098 0.037037 0.046958
1 0.365079 0.320933 0.050265 0.041997
1 0.315642 0.597388 0.043320 0.077712
1 0.421627 0.537698 0.027116 0.080026
1 0.570437 0.482639 0.064153 0.042659
1 0.519511 0.596561 0.061508 0.031085
2 0.347222 0.476356 0.050265 0.024802
2 0.226356 0.542493 0.026124 0.028770
2 0.385747 0.412368 0.041997 0.021825
2 0.350694 0.431382 0.041997 0.028108
2 0.623843 0.571594 0.022156 0.024802
2 0.609127 0.677249 0.032407 0.028439
2 0.530589 0.738922 0.022817 0.040013