1 0.215443 0.315311 0.023479 0.024802
1 0.411210 0.465774 0.022817 0.026786
1 0.522156 0.647652 0.019841 0.022817
1 0.519180 0.580026 0.030423 0.046296
1 0.767196 0.432209 0.030423 0.050926
0 0.341766 0.621362 0.044643 0.050265
0 0.365575 0.708995 0.061839 0.032407
0 0.428902 0.643849 0.054894 0.031746
0 0.521825 0.410549 0.048280 0.057209
0 0.529927 0.266204 0.043320 0.052249
0 0.631448 0.313161 0.067791 0.026455
0 0.566634 0.508433 0.052579 0.041997
1 0.395833 0.546958 0.044312 0.084656
1 0.339947 0.426091 0.086640 0.041336
1 0.564319 0.367229 0.057209 0.065146
1 0.744874 0.284557 0.057209 0.058532
1 0.662202 0.375165 0.075066 0.046627
1 0.516369 0.497851 0.042659 0.070437
1 0.598049 0.561839 0.036706 0.060847
1 0.706515 0.642030 0.045304 0.055886
2 0.444610 0.410053 0.023479 0.033730
2 0.382440 0.277282 0.045966 0.046627
2 0.649306 0.444775 0.030093 0.035714
2 0.775132 0.530093 0.033730 0.030423
2 0.670139 0.531250 0.040013 0.045966
2 0.527116 0.519511 0.019841 0.028439
1 0.514054 0.691799 0.038029 0.062831