1 0.370701 0.512566 0.019841 0.022487
1 0.602017 0.533896 0.024140 0.025463
1 0.462963 0.675265 0.018519 0.018519
1 0.386409 0.654101 0.022817 0.020503
1 0.355489 0.738922 0.036376 0.031415
1 0.562500 0.533234 0.031746 0.038029
1 0.476356 0.504299 0.056548 0.028439
1 0.336144 0.439153 0.041997 0.035714
0 0.315476 0.364749 0.064153 0.049603
0 0.577050 0.477844 0.070106 0.038360
0 0.638393 0.471726 0.026124 0.074405
0 0.576720 0.747189 0.032407 0.075728
0 0.648313 0.648975 0.073743 0.025463
0 0.505952 0.613922 0.067460 0.026786
0 0.608135 0.323578 0.064815 0.042659
1 0.378638 0.386905 0.067460 0.029101
1 0.726852 0.494378 0.066799 0.033069
2 0.476687 0.705522 0.038029 0.045966
2 0.705853 0.625992 0.031415 0.029101
2 0.508763 0.587467 0.028770 0.026124
2 0.585979 0.446098 0.019180 0.030423
2 0.511905 0.374504 0.036376 0.030093
1 0.297950 0.664848 0.095238 0.062500
1 0.275628 0.559854 0.063823 0.066138
1 0.374008 0.273148 0.080688 0.077381
1 0.460152 0.586640 0.059854 0.034392
1 0.748512 0.544312 0.041336 0.079365