1 0.365906 0.412533 0.021495 0.020833
1 0.664352 0.375992 0.021825 0.022487
1 0.569940 0.943783 0.020833 0.027116
1 0.669147 0.675761 0.043320 0.039352
1 0.540840 0.408069 0.037368 0.027778
1 0.395503 0.321098 0.035714 0.033069
0 0.243221 0.731316 0.063823 0.028770
0 0.103671 0.636078 0.059193 0.031415
0 0.426422 0.444279 0.029431 0.067130
0 0.655754 0.505622 0.051587 0.050265
0 0.548280 0.526455 0.046958 0.055556
0 0.766700 0.345899 0.045304 0.058201
0 0.828042 0.457176 0.032407 0.061839
0 0.666667 0.204034 0.041667 0.068783
0 0.554398 0.700562 0.034722 0.053902
0 0.538360 0.622189 0.054894 0.043320
1 0.348545 0.555556 0.039021 0.058201
1 0.685847 0.613922 0.038360 0.056548
1 0.608300 0.325397 0.081680 0.033069
1 0.257937 0.334491 0.087963 0.042659
1 0.739749 0.224537 0.093915 0.041667
1 0.294643 0.796627 0.039021 0.074074
1 0.308036 0.648810 0.061177 0.049603
1 0.244544 0.608135 0.026124 0.066138
1 0.167989 0.446429 0.050265 0.090608
1 0.328538 0.201885 0.065146 0.047288
1 0.458168 0.662202 0.035384 0.064484
2 0.467758 0.294147 0.025463 0.029431
2 0.109954 0.387235 0.037368 0.033069
2 0.846230 0.218585 0.046296 0.033069
2 0.769676 0.665344 0.025463 0.025132
2 0.562169 0.658730 0.025794 0.035053
2 0.246693 0.775298 0.041005 0.036706
2 0.543981 0.435185 0.024471 0.033069