1 0.210648 0.564980 0.016534 0.021495
1 0.242890 0.513724 0.019511 0.025463
1 0.665179 0.312335 0.019511 0.024802
0 0.569775 0.269015 0.055556 0.052579
0 0.320933 0.262566 0.025463 0.062831
0 0.472222 0.491898 0.037037 0.061177
0 0.326720 0.529101 0.050265 0.051587
0 0.297288 0.667493 0.023148 0.055886
0 0.345899 0.710813 0.028439 0.057870
0 0.474702 0.773313 0.025463 0.060516
0 0.665509 0.702050 0.038029 0.060185
1 0.285053 0.337963 0.033069 0.026455
1 0.271660 0.397321 0.024802 0.042659
1 0.205688 0.396495 0.026455 0.037037
2 0.332176 0.309689 0.043320 0.024802
2 0.476852 0.349702 0.035053 0.023479
2 0.385747 0.435185 0.025463 0.035714
2 0.437831 0.442791 0.044312 0.031746
2 0.440146 0.551918 0.035053 0.035053
2 0.563327 0.551587 0.026124 0.034392
2 0.675099 0.560185 0.040675 0.032407
2 0.296958 0.594907 0.029762 0.023148
1 0.648975 0.602183 0.059854 0.037698
1 0.297288 0.586971 0.056217 0.018519
1 0.420635 0.624504 0.027778 0.077050
1 0.516369 0.659061 0.053902 0.066138
1 0.614583 0.460152 0.062500 0.044643
1 0.697917 0.469577 0.045966 0.062169
1 0.587963 0.388558 0.081349 0.036376
1 0.480159 0.305225 0.021164 0.073413
1 0.409557 0.334160 0.063161 0.034061
1 0.345569 0.449901 0.034392 0.058532
1 0.353009 0.378638 0.059193 0.029101