1 0.472667 0.184000 0.044000 0.062667
1 0.328667 0.236000 0.062667 0.049333
1 0.622667 0.820667 0.072000 0.136000
1 0.312000 0.739333 0.050667 0.093333
1 0.726000 0.496667 0.054667 0.085333
1 0.383333 0.503333 0.046667 0.077333
1 0.202667 0.432667 0.061333 0.088000
1 0.352667 0.476667 0.025333 0.045333
0 0.498000 0.582000 0.052000 0.109333
0 0.216667 0.531333 0.081333 0.088000
0 0.469333 0.300667 0.072000 0.093333
0 0.418667 0.229333 0.098667 0.052000
0 0.745333 0.432000 0.101333 0.046667
0 0.638000 0.428000 0.105333 0.052000
0 0.429333 0.469333 0.040000 0.094667
2 0.525333 0.375333 0.040000 0.050667
2 0.704000 0.297333 0.058667 0.054667
