1 0.019015 0.314319 0.027447 0.030754
1 0.158896 0.382937 0.026124 0.028439
1 0.196759 0.612103 0.042328 0.033069
1 0.161210 0.456019 0.051918 0.033069
1 0.425926 0.264220 0.040344 0.048280
1 0.608466 0.449074 0.039021 0.044974
1 0.476025 0.637235 0.024802 0.022487
0 0.282407 0.177249 0.062831 0.033069
0 0.295966 0.433532 0.030423 0.066138
0 0.558036 0.327877 0.063823 0.041336
0 0.520337 0.437169 0.063823 0.033069
0 0.438327 0.545139 0.065146 0.041336
0 0.405754 0.622685 0.054233 0.049603
0 0.350860 0.665675 0.062831 0.052910
0 0.781911 0.635582 0.036706 0.068783
1 0.682209 0.447255 0.066138 0.045966
1 0.275794 0.647487 0.066138 0.044974
1 0.627811 0.671627 0.056548 0.081349
1 0.793816 0.494378 0.029431 0.067460
1 0.765377 0.339120 0.057870 0.084987
1 0.784888 0.245866 0.084987 0.051918
1 0.470073 0.169643 0.069775 0.034392
1 0.301918 0.295470 0.044974 0.059193
1 0.477183 0.365079 0.072090 0.054233
1 0.359127 0.785053 0.067460 0.055556
1 0.536872 0.812665 0.051918 0.056548
2 0.738757 0.804398 0.037698 0.040013
2 0.595899 0.642692 0.033069 0.021495
2 0.504960 0.554067 0.042328 0.042659
2 0.180225 0.636739 0.042328 0.030754
2 0.536376 0.412368 0.039021 0.021164
2 0.787202 0.421958 0.035384 0.033069
2 0.245866 0.364583 0.041336 0.048611
2 0.682209 0.244213 0.033069 0.024802
1 0.624835 0.232308 0.057870 0.048611
