2 0.470667 0.871333 0.048000 0.032000
2 0.525333 0.366000 0.040000 0.064000
2 0.336000 0.252667 0.056000 0.058667
0 0.619333 0.272000 0.105333 0.054667
0 0.456667 0.250000 0.084000 0.088000
0 0.378000 0.583333 0.060000 0.085333
0 0.477333 0.422667 0.093333 0.052000
0 0.592667 0.700000 0.097333 0.044000
0 0.271333 0.524667 0.041333 0.082667
1 0.382667 0.760667 0.045333 0.141333
1 0.496667 0.592000 0.076000 0.102667
1 0.631333 0.574000 0.076000 0.064000
1 0.598000 0.664000 0.124000 0.057333
1 0.504000 0.760667 0.045333 0.074667
1 0.081333 0.384000 0.146667 0.038667
1 0.368667 0.362667 0.057333 0.060000
2 0.316667 0.484000 0.057333 0.044000
1 0.240000 0.374000 0.064000 0.082667
0 0.668667 0.410000 0.089333 0.040000
