1 0.600667 0.860000 0.065333 0.102667
1 0.274000 0.577333 0.076000 0.073333
1 0.480667 0.907333 0.094667 0.141333
1 0.369333 0.264000 0.072000 0.126667
0 0.604000 0.453333 0.050667 0.113333
0 0.181333 0.464667 0.061333 0.093333
0 0.130000 0.448667 0.046667 0.101333
0 0.458000 0.323333 0.065333 0.098667
2 0.335333 0.560667 0.038667 0.048000
2 0.450000 0.407333 0.057333 0.045333
2 0.474667 0.652000 0.045333 0.046667
2 0.377333 0.571333 0.048000 0.048000
0 0.262667 0.420000 0.056000 0.076000
1 0.682000 0.616667 0.100000 0.112000
0 0.467333 0.559333 0.052000 0.088000
2 0.462667 0.767333 0.040000 0.042667
1 0.185333 0.351333 0.056000 0.096000
