1 0.574570 0.785053 0.018849 0.031746
1 0.742394 0.728175 0.021164 0.022487
1 0.783234 0.517526 0.024802 0.025794
1 0.887566 0.555225 0.037698 0.044974
1 0.648644 0.396329 0.041336 0.036706
1 0.359788 0.308366 0.044974 0.056548
0 0.242229 0.600033 0.067130 0.051918
0 0.331515 0.541667 0.068452 0.036376
0 0.419974 0.431217 0.058862 0.042328
0 0.548115 0.405754 0.067130 0.043651
0 0.454696 0.627811 0.055556 0.057870
0 0.560020 0.707011 0.069775 0.031746
0 0.569940 0.604332 0.068452 0.041336
0 0.633102 0.803241 0.045966 0.070767
1 0.761905 0.309028 0.043651 0.065146
1 0.475529 0.523975 0.061508 0.050595
1 0.704034 0.609127 0.083995 0.043651
1 0.645999 0.532242 0.074405 0.057870
1 0.719907 0.438988 0.040344 0.095569
1 0.612434 0.551257 0.042328 0.022487
1 0.399967 0.657407 0.063823 0.055556
1 0.177414 0.537037 0.057870 0.067460
1 0.302414 0.430721 0.074405 0.041336
1 0.328538 0.404101 0.029431 0.066138
1 0.500165 0.134259 0.051918 0.072090
1 0.304729 0.737765 0.053241 0.052910
1 0.473710 0.761409 0.067130 0.032077
2 0.824405 0.489749 0.031746 0.043651
2 0.622520 0.245866 0.034061 0.040013
2 0.186673 0.298446 0.032077 0.036706
2 0.144180 0.463128 0.039021 0.047288
2 0.112269 0.611276 0.045966 0.036706
2 0.480820 0.576554 0.022487 0.038029
2 0.330853 0.400628 0.034061 0.018849