1 0.405919 0.559358 0.030754 0.032077
1 0.330853 0.317956 0.024802 0.026124
1 0.440146 0.341766 0.015873 0.024140
1 0.438161 0.438161 0.046296 0.039021
1 0.300761 0.558862 0.041336 0.051587
1 0.606647 0.605655 0.063161 0.036706
0 0.623181 0.504960 0.060516 0.061508
0 0.506448 0.636739 0.073743 0.058532
0 0.616567 0.741071 0.075066 0.035714
0 0.418816 0.337632 0.039352 0.065476
0 0.523975 0.196429 0.067791 0.037698
2 0.268022 0.411210 0.043320 0.040675
2 0.331680 0.526455 0.015212 0.031085
2 0.584325 0.421627 0.018519 0.036376
1 0.377480 0.435847 0.040675 0.070106
1 0.287698 0.322421 0.035714 0.068122
1 0.373512 0.232474 0.071098 0.048280
1 0.494544 0.779762 0.041997 0.098545
1 0.348710 0.642196 0.087632 0.050265
1 0.714120 0.564815 0.093585 0.033730
1 0.274306 0.462963 0.039352 0.068122
1 0.567295 0.340608 0.086971 0.030423