1 0.309028 0.766204 0.023479 0.027116
1 0.365079 0.611111 0.019841 0.019841
1 0.548446 0.606978 0.020172 0.017526
1 0.384094 0.529101 0.030093 0.032407
1 0.473545 0.599041 0.050926 0.030093
1 0.611938 0.396825 0.024140 0.048942
1 0.376157 0.225364 0.047288 0.058532
1 0.438988 0.203704 0.059854 0.034392
1 0.542493 0.195602 0.061839 0.039352
1 0.465112 0.370701 0.025463 0.054233
1 0.654597 0.392030 0.038029 0.072421
1 0.247024 0.377976 0.034392 0.085317
1 0.418816 0.791997 0.057209 0.045635
1 0.626323 0.588294 0.033730 0.062831
1 0.695271 0.700893 0.091601 0.042659
2 0.741237 0.562500 0.024140 0.034392
2 0.850198 0.445437 0.037698 0.034392
2 0.554563 0.319279 0.032407 0.040013
2 0.617725 0.190146 0.029101 0.028439
2 0.506779 0.520833 0.030093 0.031085
2 0.485615 0.505126 0.041997 0.025463
2 0.315476 0.578704 0.033730 0.039021
0 0.428241 0.690311 0.062169 0.039352
0 0.261078 0.631448 0.025463 0.060516
0 0.294643 0.489087 0.033069 0.068122
0 0.390542 0.419808 0.048942 0.056548
0 0.475033 0.449570 0.046627 0.052579
0 0.707837 0.504795 0.060516 0.024802
0 0.745701 0.432044 0.066138 0.029431
0 0.232308 0.197421 0.063823 0.035714
0 0.747024 0.250496 0.061508 0.035384
