1 0.438161 0.468089 0.022487 0.023479
1 0.593750 0.824074 0.025463 0.019841
1 0.784722 0.775628 0.027116 0.025463
1 0.130622 0.556382 0.037037 0.036045
1 0.229663 0.678571 0.040013 0.031746
0 0.449239 0.823743 0.021495 0.063492
0 0.479828 0.591104 0.044312 0.057209
0 0.741567 0.640873 0.027447 0.050265
0 0.681382 0.565311 0.059854 0.028770
0 0.755787 0.454365 0.061177 0.038360
0 0.537037 0.336475 0.038360 0.060516
0 0.686177 0.186012 0.039021 0.061177
0 0.358631 0.496032 0.042659 0.055556
0 0.184689 0.468915 0.068452 0.033069
0 0.218750 0.345734 0.034722 0.057209
1 0.343419 0.378472 0.036045 0.059193
1 0.604993 0.658069 0.025463 0.064153
2 0.346561 0.743386 0.043651 0.033730
2 0.586971 0.759921 0.028439 0.029762
2 0.691468 0.689319 0.031746 0.023479
2 0.665675 0.529762 0.032407 0.031085
2 0.400298 0.635251 0.041997 0.035053
2 0.571759 0.315476 0.032407 0.036376
2 0.534392 0.287698 0.031746 0.027778
1 0.288029 0.570106 0.052910 0.062169
1 0.551918 0.441964 0.033730 0.075728
1 0.702712 0.349041 0.093254 0.024802
1 0.522321 0.160880 0.043320 0.089616
1 0.779431 0.553241 0.048280 0.070767
1 0.677910 0.685185 0.079365 0.039683