2 0.441964 0.454365 0.027447 0.030423
2 0.536376 0.522983 0.037698 0.026786
2 0.541171 0.647321 0.024802 0.038690
2 0.623843 0.575893 0.026124 0.028108
1 0.726190 0.514716 0.021164 0.024140
2 0.627646 0.492890 0.028439 0.027447
2 0.635251 0.389054 0.031085 0.026124
2 0.316964 0.678902 0.039352 0.033069
2 0.197421 0.789848 0.031746 0.045304
1 0.340608 0.577050 0.067460 0.054894
1 0.376984 0.478009 0.066799 0.041997
1 0.468915 0.381779 0.029101 0.077712
1 0.554729 0.325562 0.058532 0.074405
1 0.593750 0.393684 0.040675 0.078373
1 0.708499 0.465443 0.088294 0.074405
1 0.268849 0.540509 0.032407 0.057870
1 0.235284 0.417163 0.034722 0.059193
1 0.497354 0.452216 0.046296 0.056548
1 0.396495 0.264881 0.038360 0.035714
1 0.173446 0.568287 0.041336 0.039352
1 0.472718 0.286872 0.021495 0.024802
1 0.557374 0.232474 0.018849 0.020503
1 0.463459 0.778108 0.041336 0.031746
1 0.299438 0.314484 0.043981 0.046958
1 0.508433 0.655919 0.054563 0.038690
0 0.291832 0.625992 0.038690 0.062169
0 0.389550 0.672454 0.064815 0.041997
0 0.501819 0.551587 0.059193 0.033069
0 0.396495 0.514881 0.035714 0.050926
0 0.300761 0.424438 0.051257 0.047288
0 0.582837 0.702712 0.029431 0.064153
0 0.737103 0.657242 0.048942 0.054563