1 0.466435 0.627315 0.021495 0.017857
1 0.558036 0.574901 0.022817 0.022156
1 0.578373 0.676587 0.023148 0.019841
1 0.448578 0.553241 0.025463 0.032407
1 0.514716 0.590443 0.026786 0.040675
1 0.374173 0.401455 0.036706 0.031746
0 0.367229 0.635582 0.047288 0.042989
0 0.308036 0.443287 0.025463 0.053902
0 0.475364 0.356316 0.058532 0.025463
0 0.520503 0.319444 0.038360 0.048280
0 0.604828 0.345403 0.052910 0.023479
0 0.635913 0.290013 0.042328 0.054233
0 0.605655 0.539848 0.057209 0.019511
0 0.758102 0.487765 0.056548 0.021164
0 0.804067 0.452712 0.055886 0.033730
1 0.489253 0.674438 0.073743 0.029431
1 0.259094 0.509590 0.076389 0.031746
1 0.468089 0.415840 0.026124 0.057870
1 0.469907 0.255291 0.072090 0.023148
1 0.539021 0.524636 0.064815 0.036045
1 0.604993 0.481647 0.059854 0.058532
2 0.240079 0.445437 0.027778 0.020503
2 0.311839 0.720569 0.020503 0.033730
2 0.406911 0.640708 0.027447 0.026786
2 0.605820 0.443452 0.033069 0.030423
1 0.755787 0.427083 0.048611 0.044643
1 0.406085 0.298446 0.049603 0.041997
2 0.735946 0.697586 0.032077 0.029431