1 0.515212 0.541667 0.024471 0.033730
1 0.464616 0.615245 0.022487 0.031415
1 0.603836 0.627811 0.024471 0.023479
1 0.663525 0.560516 0.028770 0.024471
1 0.482143 0.694940 0.038360 0.034061
1 0.314980 0.516204 0.050595 0.033069
1 0.549107 0.618882 0.038029 0.040013
0 0.346396 0.571263 0.055886 0.045966
0 0.426753 0.494709 0.065146 0.039021
0 0.506944 0.405093 0.063492 0.032407
0 0.655258 0.449570 0.055886 0.056548
0 0.671296 0.370701 0.058201 0.048942
0 0.639220 0.762401 0.068783 0.031415
0 0.429563 0.410384 0.030423 0.063492
0 0.229332 0.415013 0.053241 0.052249
1 0.412037 0.708829 0.049603 0.053241
1 0.523810 0.439980 0.057540 0.032077
1 0.649140 0.292824 0.038360 0.068452
1 0.324239 0.391204 0.042659 0.060185
1 0.270503 0.310185 0.080026 0.032407
1 0.419312 0.267196 0.080026 0.035053
1 0.513889 0.306217 0.049603 0.046958
2 0.425926 0.293155 0.035714 0.026124
2 0.609623 0.501323 0.032077 0.033069
2 0.636078 0.613591 0.029431 0.034722
2 0.409888 0.583995 0.028108 0.036376
2 0.363757 0.643022 0.031085 0.045304
2 0.442460 0.682705 0.033730 0.034061