1 0.358962 0.708499 0.035384 0.026124
1 0.450397 0.572917 0.030423 0.028770
1 0.336640 0.473876 0.033069 0.033730
1 0.694775 0.589947 0.025132 0.022487
1 0.534392 0.713294 0.052249 0.030423
1 0.562169 0.572586 0.029762 0.050595
1 0.408896 0.265046 0.031415 0.053241
1 0.611276 0.317956 0.056548 0.047950
0 0.652778 0.237930 0.060847 0.067130
0 0.380622 0.363757 0.049603 0.069444
0 0.286376 0.434358 0.069444 0.059193
0 0.609127 0.437169 0.083333 0.030423
0 0.704034 0.617560 0.055556 0.070437
0 0.482474 0.441964 0.077381 0.045304
0 0.736607 0.360615 0.045966 0.065146
2 0.522487 0.530423 0.035714 0.028439
2 0.708499 0.369874 0.026124 0.045304
2 0.586475 0.521660 0.050595 0.042659
2 0.479828 0.469907 0.049603 0.038360
1 0.320767 0.575231 0.041005 0.094246
1 0.371693 0.543981 0.074735 0.046958
1 0.799769 0.569940 0.055886 0.064484
1 0.741237 0.621858 0.043320 0.042659
1 0.635086 0.380622 0.048611 0.063492
1 0.666667 0.519180 0.076720 0.041005
1 0.408399 0.758102 0.054894 0.057209
1 0.614087 0.599041 0.049603 0.094907