1 0.498181 0.243882 0.025463 0.022817
1 0.598380 0.216766 0.024802 0.023479
1 0.511243 0.309689 0.027116 0.027447
1 0.422950 0.638062 0.032407 0.044643
1 0.521825 0.407242 0.031746 0.043320
1 0.378638 0.251819 0.033069 0.038690
0 0.605324 0.260086 0.057870 0.040013
0 0.270007 0.336640 0.038029 0.062169
0 0.272156 0.458829 0.068122 0.029431
0 0.714782 0.433697 0.028770 0.056548
0 0.757440 0.502646 0.060516 0.038360
0 0.464120 0.742725 0.038690 0.062831
0 0.531415 0.702712 0.049603 0.047619
0 0.453704 0.365079 0.021825 0.064153
1 0.368717 0.320271 0.082011 0.043320
1 0.400628 0.428241 0.036045 0.082672
1 0.604993 0.400794 0.054563 0.066138
1 0.754630 0.331019 0.048280 0.063492
1 0.686177 0.708333 0.082011 0.048942
1 0.630787 0.597553 0.027447 0.063492
1 0.290013 0.650463 0.054233 0.029762
1 0.622189 0.510251 0.053241 0.052249
2 0.361607 0.520172 0.026786 0.039021
2 0.325893 0.432209 0.034061 0.034392
2 0.355159 0.439153 0.027778 0.030423
2 0.472884 0.408565 0.034392 0.029431
2 0.496693 0.502315 0.018519 0.031085
2 0.491567 0.506118 0.024802 0.041336
2 0.555556 0.500165 0.031746 0.024140
1 0.443287 0.275628 0.053902 0.053241
1 0.538194 0.602348 0.057209 0.041336