1 0.169808 0.618552 0.028770 0.027447
1 0.588790 0.709987 0.022156 0.023148
1 0.397321 0.596396 0.042659 0.042659
1 0.392361 0.544974 0.047950 0.027116
0 0.465112 0.744709 0.041997 0.064153
0 0.530423 0.676587 0.068122 0.027116
1 0.245701 0.607639 0.048280 0.038029
0 0.279762 0.506448 0.062831 0.026786
0 0.424438 0.495370 0.055886 0.028439
0 0.598710 0.403108 0.055886 0.031085
0 0.692791 0.431548 0.035714 0.064815
0 0.543320 0.447751 0.049603 0.046296
0 0.842262 0.333333 0.054894 0.049603
1 0.550099 0.540840 0.056548 0.041997
1 0.649636 0.548115 0.055886 0.043981
1 0.382110 0.454861 0.024802 0.058532
1 0.554563 0.618882 0.064153 0.026124
1 0.283565 0.356812 0.037368 0.065476
1 0.529101 0.471561 0.035053 0.054894
1 0.694444 0.655258 0.095899 0.040675
1 0.736442 0.566303 0.078042 0.051918
1 0.419643 0.344907 0.082011 0.037037
1 0.477017 0.424107 0.042659 0.078373
1 0.675926 0.358135 0.070767 0.048942
1 0.425761 0.638062 0.058532 0.061177
2 0.532903 0.287698 0.037368 0.034392
2 0.713790 0.247685 0.029431 0.031746
2 0.706184 0.291171 0.038029 0.042659
2 0.830192 0.183201 0.041997 0.031085
2 0.549769 0.714782 0.036706 0.038690
2 0.529101 0.444940 0.023148 0.022156
2 0.508433 0.435020 0.022156 0.036706