1 0.620040 0.609127 0.022487 0.018519
1 0.400628 0.476687 0.018188 0.021495
1 0.319775 0.310681 0.029762 0.029431
1 0.469907 0.569444 0.027116 0.054894
1 0.454034 0.513062 0.036376 0.041336
1 0.688657 0.487103 0.052579 0.054233
0 0.550926 0.496528 0.068783 0.041336
1 0.474041 0.343089 0.039352 0.053241
0 0.463459 0.791832 0.053241 0.064484
0 0.515542 0.709160 0.030423 0.078373
0 0.448578 0.607474 0.077712 0.038360
0 0.365575 0.534226 0.062500 0.048611
0 0.273644 0.536376 0.056548 0.054894
1 0.311673 0.470734 0.040013 0.095569
1 0.659226 0.397321 0.075728 0.072421
1 0.578373 0.530423 0.082672 0.027116
1 0.387731 0.600860 0.072421 0.068783
1 0.587467 0.371858 0.047950 0.063823
1 0.474702 0.678075 0.052579 0.063823
1 0.594411 0.577877 0.038690 0.065146
2 0.611442 0.723380 0.020503 0.026786
2 0.588128 0.467262 0.021495 0.029762
2 0.410218 0.482970 0.018188 0.034722
2 0.353671 0.387235 0.047950 0.041005