1 0.259094 0.597388 0.022817 0.022817
1 0.563327 0.638062 0.023479 0.028108
1 0.619874 0.468419 0.024802 0.026786
1 0.773313 0.651786 0.020833 0.022487
1 0.491898 0.734623 0.041997 0.041336
1 0.507440 0.597057 0.041336 0.045304
0 0.471561 0.509755 0.029101 0.054563
0 0.480159 0.567295 0.054233 0.045304
0 0.626819 0.575397 0.058532 0.033730
0 0.518849 0.416171 0.062831 0.039352
0 0.224702 0.430721 0.055886 0.055886
1 0.735119 0.447090 0.031085 0.064153
1 0.297288 0.516369 0.035714 0.061839
1 0.417493 0.611442 0.039352 0.059524
1 0.406085 0.698247 0.063492 0.028770
1 0.579034 0.296296 0.063492 0.032407
1 0.416171 0.266369 0.051918 0.045304
1 0.179233 0.334987 0.031085 0.065476
1 0.530919 0.540840 0.057870 0.028108
1 0.558366 0.777612 0.041336 0.057870
1 0.361772 0.583829 0.065476 0.043981
1 0.604663 0.480655 0.027447 0.060516
1 0.639385 0.429563 0.058532 0.052249
1 0.377149 0.416005 0.073082 0.050265
0 0.554894 0.377480 0.064815 0.025463
1 0.684193 0.589782 0.047619 0.063823
2 0.240410 0.744048 0.031085 0.029762
1 0.645999 0.701720 0.023479 0.042989
1 0.596230 0.626653 0.029101 0.031746
1 0.469246 0.469907 0.031085 0.028439
1 0.441964 0.434028 0.037368 0.018849
1 0.467097 0.409226 0.020172 0.030754
1 0.479993 0.308697 0.024802 0.035384
1 0.236607 0.476687 0.026124 0.039352
1 0.448743 0.155258 0.033069 0.090939