1 0.189649 0.442130 0.029431 0.029762
1 0.347388 0.405258 0.024140 0.024140
1 0.287368 0.668320 0.018519 0.028439
1 0.396825 0.746197 0.021164 0.022817
1 0.612765 0.568122 0.029101 0.035714
1 0.516038 0.426422 0.035384 0.036706
0 0.451885 0.701224 0.059854 0.041997
0 0.223545 0.610615 0.060847 0.041336
0 0.300761 0.576224 0.030093 0.059193
0 0.490906 0.592262 0.043981 0.049603
0 0.588128 0.505291 0.059193 0.034392
0 0.508763 0.366402 0.052579 0.050265
0 0.600364 0.339616 0.060516 0.036376
0 0.681713 0.335152 0.036045 0.053902
0 0.450562 0.308697 0.028108 0.051918
1 0.224041 0.338294 0.057209 0.029762
1 0.662533 0.625661 0.028770 0.060847
1 0.431713 0.402612 0.026124 0.059193
1 0.714782 0.520503 0.027447 0.066138
1 0.558697 0.254630 0.038029 0.060847
1 0.339782 0.302414 0.072421 0.057209
1 0.262070 0.463955 0.057870 0.070106
1 0.377976 0.514220 0.035714 0.097884
1 0.412698 0.606978 0.061508 0.029431
1 0.492725 0.488591 0.048942 0.073743
1 0.606316 0.728671 0.025463 0.057870
1 0.547784 0.676091 0.022817 0.059193
2 0.595238 0.429233 0.028439 0.031085
2 0.663690 0.431713 0.034392 0.040013
2 0.366898 0.426587 0.034722 0.032407
2 0.157903 0.587632 0.040675 0.033730
2 0.315476 0.652778 0.029762 0.035714
2 0.505622 0.777778 0.031085 0.032407
2 0.291667 0.395007 0.033069 0.026124