2 0.677414 0.752480 0.035384 0.040013
2 0.381614 0.462302 0.032407 0.035053
2 0.401455 0.512566 0.034392 0.022487
2 0.505126 0.399967 0.041997 0.031415
2 0.489749 0.567956 0.035053 0.041336
2 0.522321 0.515046 0.038029 0.030093
2 0.595073 0.460317 0.024802 0.035053
2 0.727844 0.549438 0.033069 0.040013
1 0.696925 0.438657 0.023479 0.023479
1 0.545800 0.391369 0.024140 0.020172
1 0.435681 0.427414 0.040013 0.040013
1 0.284557 0.371362 0.047288 0.029762
1 0.591766 0.542989 0.028108 0.047619
1 0.414352 0.491567 0.046958 0.030093
0 0.342427 0.557374 0.058532 0.028108
0 0.411045 0.322090 0.045635 0.056217
0 0.659061 0.356151 0.052249 0.048942
0 0.681713 0.411376 0.053902 0.048942
0 0.610615 0.480159 0.041336 0.054233
0 0.695437 0.536376 0.031746 0.060847
0 0.668155 0.616898 0.057209 0.038690
0 0.521660 0.623512 0.059854 0.025463
1 0.392692 0.585152 0.039352 0.057870
1 0.338294 0.476852 0.039021 0.052910
1 0.495370 0.738591 0.060185 0.035384
1 0.233300 0.545635 0.061839 0.070767
1 0.203704 0.601521 0.064815 0.047619
1 0.471230 0.681052 0.043651 0.069114
1 0.351356 0.645833 0.080357 0.037037
1 0.605985 0.671131 0.075728 0.059854
1 0.502646 0.341766 0.062169 0.025463
1 0.668981 0.235284 0.019841 0.022156
1 0.531911 0.467097 0.061177 0.029431
1 0.345899 0.387897 0.061508 0.036376
1 0.335813 0.280754 0.045304 0.060847