2 0.438161 0.600860 0.031085 0.033730
2 0.279762 0.458829 0.029762 0.029431
2 0.382440 0.359623 0.029431 0.036706
2 0.453042 0.455026 0.027778 0.037037
2 0.837467 0.461971 0.023479 0.034392
2 0.399306 0.791336 0.022156 0.035714
2 0.337632 0.691799 0.032407 0.033730
1 0.332672 0.608796 0.051587 0.048280
1 0.708333 0.714451 0.062831 0.029431
1 0.529101 0.576554 0.060185 0.026786
1 0.636574 0.636905 0.060185 0.038360
1 0.543981 0.687996 0.037037 0.075728
1 0.463294 0.714782 0.027778 0.073082
1 0.792163 0.422619 0.073743 0.034392
1 0.658565 0.248677 0.039352 0.087302
1 0.410384 0.285218 0.052249 0.039352
1 0.166832 0.557044 0.038029 0.071759
0 0.293816 0.679398 0.056548 0.044643
0 0.688492 0.552910 0.066138 0.031746
0 0.561177 0.479167 0.042989 0.059524
0 0.679398 0.462632 0.061177 0.029101
0 0.374504 0.542493 0.063161 0.023479
0 0.300099 0.277282 0.060516 0.038690
0 0.365741 0.440642 0.050265 0.046627
0 0.436839 0.463624 0.028439 0.061508
1 0.480159 0.246693 0.036376 0.029762
1 0.218419 0.433036 0.025463 0.036045
1 0.471892 0.414517 0.033730 0.023479
1 0.620701 0.358631 0.029762 0.022156
0 0.447421 0.673446 0.048280 0.055225
1 0.300761 0.392361 0.019511 0.019511
1 0.505291 0.378968 0.020503 0.021164
1 0.241567 0.466104 0.022156 0.026124