2 0.310351 0.487765 0.042659 0.027116
2 0.407903 0.359623 0.040675 0.039352
2 0.315642 0.390212 0.039352 0.033069
2 0.468254 0.175430 0.033069 0.038690
2 0.417163 0.251819 0.037368 0.034722
2 0.512401 0.233466 0.041336 0.033730
2 0.309689 0.612434 0.026124 0.033730
2 0.379960 0.770999 0.027778 0.041997
1 0.152943 0.468419 0.058532 0.040675
1 0.272156 0.516369 0.048942 0.046627
1 0.506448 0.629960 0.055886 0.033069
1 0.228340 0.378968 0.026124 0.022487
1 0.315972 0.370370 0.022156 0.020503
1 0.447421 0.566303 0.020503 0.018849
1 0.680721 0.617394 0.041997 0.031085
1 0.274636 0.292824 0.038690 0.034061
0 0.590774 0.260747 0.064484 0.040013
0 0.537698 0.448909 0.048280 0.056548
0 0.381283 0.523644 0.049603 0.047288
0 0.509094 0.553571 0.044643 0.059524
0 0.375827 0.699901 0.036045 0.061177
0 0.436177 0.660384 0.029762 0.063492
0 0.365575 0.423280 0.027447 0.049603
0 0.432044 0.465112 0.024140 0.054563
0 0.358631 0.617394 0.055225 0.032407
1 0.488922 0.379630 0.059193 0.029762
1 0.706184 0.459491 0.055886 0.041997
1 0.350364 0.645503 0.051257 0.044974
1 0.559358 0.675595 0.043320 0.070106
1 0.640708 0.664517 0.063823 0.073082
1 0.656250 0.517030 0.047950 0.060516
1 0.625496 0.457176 0.076389 0.040013
1 0.610119 0.370701 0.071429 0.047619