1 0.463128 0.594907 0.029431 0.022487
1 0.441799 0.580688 0.027116 0.029762
1 0.538690 0.615245 0.031085 0.034722
1 0.218915 0.574901 0.019841 0.023479
1 0.370701 0.737103 0.038360 0.052249
1 0.288525 0.362765 0.047950 0.038360
1 0.723214 0.383433 0.055556 0.042659
1 0.391534 0.535218 0.052249 0.043320
0 0.620866 0.704861 0.053241 0.076389
0 0.489087 0.757110 0.038360 0.080357
0 0.604332 0.589120 0.075728 0.038029
0 0.560020 0.553075 0.073743 0.025463
0 0.611772 0.446429 0.040344 0.071429
0 0.539683 0.361938 0.080026 0.040013
0 0.496528 0.314484 0.072421 0.049603
1 0.320271 0.646660 0.078373 0.034722
1 0.388062 0.381944 0.073082 0.052249
1 0.766369 0.429067 0.075728 0.043320
1 0.221396 0.370370 0.089616 0.035714
1 0.658399 0.533069 0.079365 0.065476
1 0.253472 0.557044 0.094907 0.026124
2 0.592758 0.604828 0.040013 0.022487
2 0.354663 0.490410 0.037368 0.027116
2 0.644841 0.318948 0.044974 0.059854
2 0.335483 0.739253 0.037368 0.047950
1 0.454696 0.276786 0.033730 0.071429
1 0.485119 0.553075 0.066799 0.056548