1 0.251653 0.358631 0.022487 0.027447
1 0.539187 0.485615 0.018849 0.018849
1 0.514220 0.761078 0.016534 0.023479
1 0.486111 0.549272 0.040344 0.037698
1 0.334325 0.681052 0.036376 0.038690
1 0.542824 0.676753 0.028108 0.041336
0 0.298942 0.267692 0.067460 0.036706
0 0.507937 0.264054 0.043651 0.057870
0 0.595403 0.292493 0.057870 0.048611
0 0.478505 0.356316 0.055556 0.048611
0 0.401620 0.611938 0.062500 0.028108
0 0.234623 0.645007 0.040013 0.061177
0 0.486111 0.646825 0.061508 0.048280
0 0.694610 0.545800 0.029431 0.059193
1 0.432870 0.275463 0.037698 0.061508
1 0.344411 0.367560 0.030754 0.059193
1 0.383929 0.420635 0.055556 0.037698
1 0.406911 0.768519 0.042659 0.088624
1 0.617725 0.619709 0.076720 0.039021
1 0.744709 0.390542 0.033069 0.076720
1 0.622024 0.391038 0.078042 0.040013
1 0.402778 0.493882 0.081349 0.047288
1 0.307705 0.572421 0.075728 0.039021
2 0.199074 0.431217 0.032407 0.035053
2 0.206019 0.526455 0.031085 0.035053
2 0.318948 0.441964 0.028108 0.022156
2 0.327546 0.500496 0.024802 0.037368
2 0.696594 0.314980 0.039352 0.025463
2 0.747189 0.644180 0.038690 0.032407
2 0.654266 0.698909 0.026124 0.027447
1 0.272156 0.514716 0.036376 0.045966
1 0.514385 0.421958 0.037368 0.054894
1 0.315972 0.447917 0.053902 0.038029