1 0.507440 0.698743 0.023479 0.029762
1 0.734127 0.509755 0.019180 0.024802
1 0.713294 0.410218 0.017857 0.022156
1 0.287037 0.392361 0.037037 0.038690
1 0.295304 0.257275 0.045635 0.034392
1 0.547784 0.727183 0.025463 0.049603
0 0.643022 0.668320 0.040013 0.055556
0 0.568783 0.620040 0.052249 0.036376
0 0.398313 0.694114 0.055886 0.034392
0 0.390542 0.584325 0.033730 0.062831
0 0.281415 0.561012 0.052249 0.041336
0 0.617063 0.440972 0.068783 0.035384
0 0.390046 0.358631 0.055886 0.042659
0 0.687169 0.235615 0.063492 0.025463
0 0.597222 0.255952 0.033730 0.064815
1 0.448082 0.193618 0.082672 0.029431
1 0.488426 0.337302 0.082011 0.037037
1 0.662368 0.481316 0.064815 0.024802
1 0.726852 0.323909 0.068122 0.028108
1 0.493717 0.529431 0.081349 0.020503
1 0.651786 0.592923 0.036376 0.081349
1 0.720734 0.593915 0.040675 0.047619
1 0.537037 0.423776 0.050926 0.022817
1 0.420966 0.264220 0.055556 0.030423
1 0.463624 0.616567 0.044974 0.045966
1 0.594246 0.352348 0.026455 0.056548
2 0.372354 0.478175 0.034392 0.037698
2 0.541997 0.250000 0.029762 0.029101
2 0.660218 0.363095 0.028770 0.037698
2 0.443618 0.540344 0.017526 0.031085
2 0.422123 0.534226 0.027447 0.022156
2 0.383763 0.288690 0.029431 0.033730