1 0.213790 0.637897 0.024802 0.019841
1 0.426918 0.490245 0.019180 0.019511
1 0.694114 0.342427 0.020503 0.024140
1 0.502315 0.269345 0.021164 0.025463
1 0.219246 0.483631 0.032407 0.036706
1 0.582507 0.594907 0.046627 0.039683
1 0.706515 0.641038 0.047950 0.028770
0 0.348214 0.678902 0.031746 0.063492
0 0.488922 0.564980 0.060516 0.036706
0 0.525298 0.457837 0.024802 0.056548
0 0.605820 0.461640 0.048280 0.039021
0 0.622189 0.395172 0.061177 0.029101
0 0.553241 0.322586 0.027116 0.058532
0 0.364087 0.434358 0.021825 0.061839
0 0.592923 0.531085 0.031746 0.051587
0 0.653935 0.729993 0.059854 0.027447
1 0.201224 0.578042 0.040675 0.062831
1 0.685185 0.546462 0.050926 0.057209
1 0.716104 0.484788 0.037368 0.052249
1 0.520503 0.689980 0.053571 0.038690
1 0.348545 0.560847 0.062831 0.048942
1 0.437169 0.670470 0.044312 0.059854
1 0.425099 0.418155 0.068452 0.059854
1 0.422950 0.318618 0.083333 0.028770
1 0.375496 0.242560 0.068452 0.039352
1 0.719577 0.397817 0.083995 0.031746
2 0.595403 0.272817 0.040675 0.033730
2 0.444444 0.338955 0.031085 0.028439
2 0.249504 0.418981 0.022817 0.028439
2 0.327546 0.349537 0.037368 0.034392
2 0.374504 0.422950 0.026124 0.031085
2 0.585317 0.458829 0.031746 0.021495
2 0.151455 0.572090 0.032407 0.035714