1 0.767196 0.773810 0.037698 0.033069
1 0.615410 0.547619 0.036376 0.034392
1 0.474868 0.199239 0.027116 0.024802
1 0.640212 0.701720 0.043651 0.030423
1 0.438161 0.651455 0.043651 0.031746
1 0.653274 0.433697 0.045966 0.047288
0 0.566468 0.689319 0.066138 0.034061
0 0.344411 0.585979 0.080357 0.046958
0 0.388062 0.497354 0.080357 0.049603
0 0.355655 0.376819 0.069775 0.047288
0 0.773810 0.345073 0.076720 0.061177
0 0.546792 0.463624 0.074405 0.043651
0 0.509755 0.487930 0.068452 0.042659
0 0.577050 0.207507 0.075397 0.034061
2 0.419974 0.344411 0.033069 0.032077
2 0.415179 0.549272 0.040013 0.021164
2 0.717593 0.524636 0.033069 0.023479
2 0.379134 0.642196 0.036706 0.027116
1 0.505456 0.208003 0.041336 0.070767
1 0.569279 0.639716 0.062500 0.055225
1 0.163360 0.480489 0.069444 0.053571
1 0.541171 0.357804 0.077050 0.033069
1 0.621858 0.371362 0.092262 0.042328
1 0.741071 0.516369 0.063492 0.061839
1 0.752976 0.604663 0.050265 0.060516
1 0.250496 0.595569 0.073082 0.053571
1 0.226356 0.476025 0.071759 0.028108
1 0.502811 0.586971 0.091601 0.050265