1 0.581845 0.563988 0.035384 0.024802
1 0.736442 0.219907 0.028439 0.033069
1 0.340278 0.525132 0.031746 0.031746
1 0.513393 0.685681 0.035384 0.036706
1 0.476025 0.462467 0.062500 0.036706
0 0.455522 0.427249 0.068452 0.039021
1 0.392857 0.536872 0.040344 0.041336
0 0.378638 0.416501 0.033069 0.083664
0 0.628968 0.481978 0.058862 0.056548
0 0.657407 0.509921 0.070767 0.027116
0 0.816138 0.619048 0.083995 0.040344
1 0.674603 0.570106 0.076720 0.048280
1 0.526951 0.715939 0.041336 0.066138
1 0.353836 0.472057 0.068783 0.036706
0 0.408234 0.508929 0.067791 0.048280
0 0.483466 0.611442 0.033069 0.077381
0 0.693122 0.345734 0.066799 0.040675
2 0.729332 0.376819 0.043981 0.029431
2 0.549438 0.324239 0.040013 0.027447
2 0.268022 0.420966 0.036706 0.036376
2 0.538525 0.671462 0.023479 0.020833
1 0.634755 0.714451 0.056548 0.092923
1 0.259755 0.600033 0.067130 0.092923
1 0.134425 0.534888 0.092923 0.026124
1 0.324901 0.555556 0.041336 0.064815
1 0.512566 0.620205 0.035053 0.058532
1 0.599041 0.288690 0.046627 0.102513
1 0.517361 0.227017 0.071098 0.028770
1 0.315807 0.224372 0.066138 0.057870