1 0.484458 0.356812 0.022487 0.023810
1 0.282903 0.249339 0.024802 0.019841
1 0.460979 0.500496 0.021164 0.027447
1 0.276620 0.700231 0.043981 0.038690
1 0.303902 0.565311 0.037698 0.034722
1 0.325231 0.176753 0.030754 0.051257
0 0.313161 0.412037 0.054894 0.052910
0 0.406250 0.360615 0.038690 0.070437
0 0.338294 0.296627 0.070767 0.044312
0 0.197751 0.430225 0.040344 0.064815
0 0.224206 0.528108 0.068783 0.039683
0 0.414187 0.445437 0.043320 0.063492
0 0.398644 0.666997 0.027447 0.079365
1 0.151951 0.167493 0.038690 0.062500
1 0.710317 0.460152 0.064153 0.057209
2 0.348545 0.686177 0.029762 0.043651
2 0.592262 0.526951 0.035714 0.022817
2 0.330026 0.568618 0.017196 0.026124
1 0.192295 0.218419 0.094246 0.047288
1 0.201058 0.361607 0.048942 0.090278
1 0.419643 0.526124 0.050265 0.066138
1 0.544974 0.508433 0.089947 0.038029
1 0.345734 0.489253 0.067130 0.026124
1 0.289187 0.373016 0.051918 0.063492