1 0.445602 0.671792 0.026124 0.029431
1 0.447255 0.584821 0.020833 0.028108
1 0.532903 0.742394 0.023479 0.022487
1 0.499504 0.216766 0.047288 0.034722
1 0.342758 0.700231 0.040013 0.042659
1 0.300595 0.537037 0.030423 0.046958
0 0.515212 0.596892 0.055556 0.057540
0 0.546131 0.684028 0.056548 0.055886
0 0.386905 0.637897 0.068783 0.038360
0 0.331019 0.602183 0.041005 0.060847
0 0.366733 0.447751 0.025132 0.070767
0 0.501653 0.397652 0.052910 0.064484
0 0.301091 0.339782 0.036706 0.058532
0 0.603836 0.270172 0.027778 0.068783
1 0.361938 0.255787 0.050595 0.064484
1 0.207011 0.608796 0.057540 0.046296
1 0.424769 0.258433 0.053902 0.086971
1 0.757937 0.431548 0.082011 0.052249
1 0.757937 0.623016 0.071429 0.071429
1 0.622685 0.587467 0.084656 0.048611
1 0.515212 0.509094 0.071429 0.036706
1 0.583829 0.448909 0.053902 0.059193
2 0.410714 0.528604 0.036376 0.039352
2 0.259755 0.708829 0.037368 0.032077
2 0.551422 0.748843 0.023479 0.039352
2 0.634921 0.621362 0.030423 0.038360
2 0.611276 0.393022 0.039352 0.042659
2 0.646660 0.315476 0.034722 0.025132
2 0.473380 0.275794 0.031415 0.041667
1 0.774140 0.263228 0.035714 0.070767