1 0.381448 0.279762 0.023479 0.022487
1 0.506118 0.458829 0.023479 0.024140
1 0.630126 0.347388 0.023479 0.024140
1 0.351356 0.607639 0.021495 0.024140
1 0.553241 0.267692 0.040344 0.031415
1 0.418155 0.614253 0.045966 0.027447
1 0.419312 0.708664 0.034392 0.034392
0 0.559193 0.734788 0.046958 0.049603
0 0.644180 0.674438 0.036376 0.059854
0 0.530258 0.642030 0.040013 0.055886
0 0.556052 0.535053 0.057209 0.029101
0 0.440311 0.466435 0.057209 0.034061
0 0.243221 0.368221 0.047288 0.052579
0 0.481481 0.337963 0.064153 0.029101
0 0.555225 0.343419 0.047619 0.053902
0 0.648644 0.296296 0.057870 0.039021
0 0.737269 0.396660 0.022817 0.057870
1 0.450231 0.404101 0.053902 0.035714
1 0.787037 0.512897 0.063492 0.035714
1 0.200231 0.541832 0.045304 0.043981
1 0.490575 0.543651 0.039352 0.052910
1 0.262897 0.648313 0.077381 0.051918
1 0.383102 0.565972 0.086310 0.024802
1 0.317295 0.496858 0.081019 0.059854
1 0.578373 0.433366 0.060847 0.041997
1 0.641038 0.525463 0.019511 0.064815
1 0.714451 0.591435 0.065146 0.043981
1 0.327381 0.324239 0.033730 0.073082
2 0.639054 0.213459 0.037368 0.040675
2 0.659888 0.380952 0.025463 0.032407
2 0.796131 0.376984 0.042659 0.032407
2 0.378142 0.423280 0.039352 0.030423
2 0.429233 0.543816 0.033730 0.023479
2 0.226687 0.515708 0.039352 0.024802
2 0.482970 0.758102 0.034061 0.041336