1 0.603175 0.451224 0.020503 0.022817
1 0.554894 0.633102 0.019180 0.024140
1 0.492229 0.723380 0.019511 0.024140
1 0.250331 0.331184 0.035714 0.034061
1 0.340608 0.183697 0.039021 0.031415
1 0.284061 0.758598 0.041005 0.030423
0 0.386243 0.368056 0.060185 0.046296
0 0.466601 0.290179 0.039021 0.053241
0 0.520999 0.415840 0.065146 0.026124
0 0.645668 0.396991 0.030754 0.063823
0 0.721726 0.653274 0.045966 0.063823
0 0.636078 0.744213 0.059193 0.044643
0 0.148479 0.665675 0.049603 0.052910
0 0.416336 0.552249 0.054233 0.043651
0 0.430060 0.654597 0.036706 0.063823
1 0.378638 0.291336 0.025794 0.027116
1 0.599372 0.559358 0.035384 0.065146
1 0.722884 0.492725 0.067460 0.033069
1 0.713955 0.275298 0.044974 0.084987
1 0.343750 0.438988 0.074405 0.045966
1 0.223876 0.421131 0.042328 0.053241
1 0.193122 0.548115 0.066138 0.042659
1 0.490245 0.552414 0.032077 0.062500
2 0.435351 0.477348 0.040013 0.035384
2 0.563492 0.487269 0.029762 0.036706
2 0.562335 0.275959 0.029431 0.027447
2 0.393353 0.137731 0.032077 0.041336
2 0.268188 0.483796 0.043651 0.034392
2 0.313657 0.529266 0.040013 0.035384
1 0.452546 0.442130 0.029431 0.052249
1 0.343750 0.656581 0.048611 0.051257