2 0.573333 0.782667 0.053333 0.060000
2 0.344000 0.484667 0.050667 0.042667
2 0.407333 0.444000 0.054667 0.041333
2 0.500000 0.628667 0.042667 0.045333
1 0.677333 0.556667 0.058667 0.053333
1 0.620667 0.423333 0.049333 0.061333
1 0.075333 0.691333 0.140000 0.048000
1 0.165333 0.393333 0.082667 0.057333
1 0.370000 0.800000 0.084000 0.068000
1 0.249333 0.706667 0.037333 0.041333
1 0.415333 0.677333 0.038667 0.049333
0 0.306000 0.576000 0.097333 0.044000
0 0.567333 0.554667 0.081333 0.068000
0 0.432667 0.814000 0.052000 0.090667
0 0.444000 0.714667 0.048000 0.094667
0 0.364667 0.322667 0.065333 0.081333
1 0.445333 0.319333 0.080000 0.064000
