1 0.456019 0.532573 0.022487 0.022817
1 0.349372 0.711806 0.023479 0.024140
1 0.263228 0.697090 0.025132 0.029762
1 0.415179 0.618386 0.036706 0.035714
1 0.458499 0.629960 0.026124 0.038360
1 0.535549 0.517857 0.037368 0.041667
0 0.199239 0.512897 0.024140 0.063492
0 0.250165 0.318122 0.042659 0.054894
0 0.426918 0.303737 0.058201 0.043320
0 0.571759 0.254960 0.046958 0.050265
0 0.714451 0.418155 0.059193 0.040675
0 0.698413 0.556217 0.065476 0.033069
0 0.663194 0.597057 0.026124 0.064484
0 0.307540 0.609954 0.039021 0.050595
1 0.462467 0.717097 0.047288 0.054563
1 0.254630 0.414848 0.040344 0.063823
1 0.327216 0.517526 0.074405 0.028439
1 0.148975 0.431878 0.041336 0.076720
1 0.594246 0.440642 0.034392 0.068452
1 0.562831 0.700562 0.049603 0.073082
1 0.365741 0.429563 0.037698 0.083995
2 0.188492 0.637401 0.037698 0.034061
2 0.192626 0.731812 0.034061 0.036376
2 0.492560 0.438327 0.025463 0.025463
2 0.491898 0.354828 0.030754 0.029762
2 0.579696 0.546296 0.029101 0.035053
2 0.614253 0.531581 0.026124 0.030093
2 0.128803 0.478340 0.032738 0.020833
1 0.317791 0.365741 0.031746 0.062831
1 0.614087 0.335813 0.048280 0.056548