0 0.462667 0.886667 0.096000 0.084000
0 0.368000 0.748000 0.092000 0.077333
0 0.557333 0.227333 0.112000 0.045333
0 0.702667 0.366667 0.066667 0.097333
0 0.502667 0.563333 0.080000 0.096000
0 0.421333 0.299333 0.077333 0.088000
2 0.592667 0.265333 0.065333 0.041333
2 0.340000 0.388000 0.064000 0.046667
2 0.249333 0.488667 0.050667 0.053333
2 0.411333 0.511333 0.044000 0.040000
1 0.406000 0.664000 0.118667 0.070667
1 0.594667 0.598000 0.045333 0.098667
1 0.579333 0.489333 0.076000 0.084000
1 0.496667 0.136000 0.102667 0.094667
1 0.204000 0.442000 0.053333 0.120000
1 0.348667 0.344667 0.060000 0.045333
