0 0.483466 0.592262 0.080026 0.053571
0 0.540675 0.510251 0.089286 0.035714
0 0.702546 0.492394 0.071759 0.049603
0 0.572421 0.161706 0.048280 0.082672
0 0.326389 0.152116 0.033069 0.087963
0 0.345073 0.374008 0.056548 0.068783
0 0.501984 0.404927 0.083995 0.047950
0 0.190807 0.431217 0.097884 0.031746
1 0.389716 0.487599 0.055225 0.078373
1 0.614418 0.384921 0.071429 0.087963
1 0.483466 0.320767 0.049603 0.064815
2 0.434524 0.326389 0.045635 0.034392
2 0.256944 0.215443 0.050926 0.041336
1 0.385747 0.206515 0.038690 0.078373
1 0.218254 0.251984 0.050926 0.042989
