2 0.478175 0.578373 0.022487 0.035053
1 0.451058 0.565311 0.021164 0.024140
1 0.481812 0.560847 0.035714 0.041005
1 0.510582 0.655258 0.024471 0.020833
1 0.359458 0.665840 0.025132 0.019511
1 0.368386 0.689319 0.042328 0.036045
1 0.425926 0.732474 0.022487 0.025794
1 0.339616 0.561839 0.023810 0.044974
1 0.556382 0.675761 0.083003 0.026786
1 0.466931 0.676257 0.041667 0.077381
1 0.529266 0.802414 0.075066 0.081680
1 0.310020 0.814649 0.073743 0.046627
1 0.683532 0.641534 0.039021 0.044312
0 0.683201 0.566138 0.085979 0.026455
1 0.657407 0.486607 0.029101 0.068452
0 0.631779 0.492063 0.022156 0.068122
0 0.588624 0.499504 0.063492 0.048611
2 0.529431 0.465278 0.028439 0.027116
0 0.577712 0.415675 0.059524 0.061508
0 0.422123 0.448578 0.067130 0.040013
1 0.365245 0.569279 0.034722 0.069775
1 0.242229 0.530589 0.040013 0.070437
0 0.317130 0.404266 0.058862 0.063161
1 0.400298 0.326389 0.043320 0.061508
1 0.491733 0.293155 0.076720 0.036045
2 0.546296 0.240079 0.040344 0.038360
2 0.556548 0.293320 0.047619 0.034392
2 0.598545 0.311839 0.043651 0.048280
2 0.712136 0.345238 0.050595 0.044312
2 0.441634 0.165344 0.053241 0.057540
1 0.246693 0.331845 0.062169 0.084987