1 0.273975 0.663856 0.090939 0.075728
1 0.323578 0.566138 0.093585 0.034392
2 0.578538 0.635747 0.060516 0.046627
2 0.287864 0.523479 0.036045 0.048280
0 0.530919 0.483466 0.056548 0.078704
0 0.445602 0.597884 0.051257 0.083995
0 0.212798 0.402943 0.053902 0.077050
0 0.228671 0.267196 0.038690 0.086640
0 0.609458 0.381448 0.083995 0.053902
0 0.362930 0.442130 0.070437 0.053571
0 0.291336 0.300265 0.064815 0.078704
0 0.500000 0.397487 0.093915 0.033069
1 0.154266 0.480159 0.041336 0.066138
1 0.398810 0.319444 0.111772 0.050926
1 0.512401 0.321594 0.055225 0.104828
1 0.486938 0.690807 0.053902 0.082672
1 0.367725 0.668155 0.046958 0.042659
2 0.407077 0.735615 0.045635 0.053902
