1 0.650794 0.457507 0.020503 0.028108
1 0.654927 0.356647 0.020833 0.027447
1 0.440642 0.461640 0.027447 0.027116
1 0.337302 0.612269 0.029101 0.023479
1 0.672454 0.321098 0.036706 0.037698
1 0.438492 0.634921 0.044312 0.037037
1 0.597718 0.635913 0.040013 0.036376
0 0.276290 0.264220 0.068452 0.031746
0 0.406085 0.262897 0.062169 0.054894
0 0.576389 0.407407 0.064815 0.033069
0 0.545635 0.478836 0.062831 0.040344
0 0.664187 0.520833 0.038029 0.064153
0 0.775463 0.488426 0.067460 0.029762
0 0.675761 0.616237 0.040675 0.063161
0 0.530919 0.724041 0.061839 0.026786
1 0.529762 0.324901 0.061508 0.030093
1 0.474702 0.525298 0.039352 0.056548
1 0.399967 0.687665 0.051257 0.058532
1 0.341435 0.522487 0.055225 0.052249
1 0.149140 0.532573 0.064815 0.077712
1 0.234623 0.451224 0.064484 0.057209
1 0.333499 0.377480 0.075066 0.058532
1 0.201554 0.348545 0.092262 0.051587
2 0.255952 0.576720 0.039683 0.037698
2 0.412037 0.559193 0.036376 0.031746
2 0.568122 0.579034 0.029101 0.029101
2 0.542163 0.540840 0.045966 0.026786
2 0.476025 0.379960 0.038029 0.031746
2 0.438823 0.815311 0.029762 0.041336
1 0.547123 0.247685 0.076389 0.038360
1 0.763228 0.590774 0.066799 0.060516