1 0.293320 0.323743 0.024471 0.027778
1 0.186177 0.461144 0.024471 0.029431
1 0.387731 0.445933 0.018188 0.023479
1 0.570933 0.561673 0.020833 0.023479
1 0.480820 0.340278 0.030423 0.038360
1 0.643022 0.356481 0.040013 0.035714
1 0.474206 0.505456 0.027778 0.040013
0 0.340112 0.635251 0.073082 0.035053
0 0.212632 0.308532 0.035714 0.054894
0 0.508598 0.638228 0.041005 0.058201
0 0.604828 0.648479 0.033069 0.066138
0 0.696594 0.652778 0.054563 0.066138
0 0.674107 0.513062 0.047950 0.051257
0 0.399140 0.497024 0.030423 0.066138
1 0.540509 0.439484 0.045304 0.062831
1 0.435185 0.364087 0.033069 0.058201
1 0.389881 0.711475 0.064153 0.034061
0 0.308366 0.395999 0.056548 0.057209
1 0.333829 0.547454 0.070437 0.062500
1 0.715443 0.308862 0.045304 0.126984
1 0.612269 0.290509 0.084325 0.040013
1 0.581680 0.498181 0.027116 0.072421
1 0.678902 0.436012 0.080026 0.022817
1 0.244048 0.422950 0.039021 0.068122
1 0.425595 0.277612 0.048942 0.064484
2 0.260582 0.694444 0.030423 0.035053
2 0.481151 0.580853 0.038360 0.034061
2 0.687831 0.568287 0.021825 0.040013
2 0.754960 0.188988 0.032407 0.040013
2 0.362765 0.346726 0.033069 0.045966
2 0.538194 0.368056 0.034061 0.036376
2 0.264054 0.569940 0.028770 0.029431
2 0.584325 0.805060 0.030423 0.050595