1 0.556052 0.567460 0.024140 0.031746
1 0.636409 0.507110 0.024802 0.028108
1 0.606316 0.660053 0.035384 0.051587
1 0.708003 0.656581 0.030423 0.043320
1 0.575893 0.307705 0.025463 0.042659
0 0.282407 0.615575 0.064153 0.036045
0 0.533896 0.739253 0.043320 0.059854
0 0.413856 0.662037 0.059193 0.048942
0 0.427249 0.757440 0.062831 0.041336
0 0.416832 0.424603 0.057209 0.033069
0 0.656911 0.372354 0.055225 0.046958
0 0.581019 0.199570 0.048280 0.042659
0 0.306217 0.308862 0.060847 0.033069
1 0.528439 0.367229 0.048942 0.051918
1 0.415840 0.264550 0.056548 0.050265
1 0.328042 0.505622 0.062831 0.036376
1 0.499835 0.582507 0.052579 0.051257
1 0.309028 0.682870 0.078373 0.031085
1 0.375827 0.569444 0.085648 0.045635
1 0.686508 0.493717 0.035714 0.085317
1 0.553902 0.485615 0.093254 0.040675
1 0.441138 0.520503 0.033069 0.054894
1 0.664517 0.676257 0.055225 0.035714
2 0.209821 0.431217 0.041336 0.047619
2 0.311508 0.387235 0.036376 0.036376
2 0.284557 0.376488 0.034061 0.022156
2 0.428241 0.322751 0.027778 0.034392
2 0.458664 0.445767 0.035714 0.033730
2 0.469907 0.522652 0.035053 0.024802
2 0.493386 0.518849 0.029762 0.028439