1 0.453869 0.321925 0.026786 0.022817
1 0.661706 0.217923 0.035714 0.025132
1 0.398644 0.612599 0.048611 0.041997
1 0.474206 0.255126 0.052249 0.040013
1 0.617890 0.508267 0.034722 0.050265
0 0.651455 0.677414 0.051587 0.072421
0 0.717923 0.549107 0.066138 0.069775
0 0.714451 0.481978 0.051918 0.078373
0 0.665344 0.386739 0.068783 0.065146
0 0.290675 0.268519 0.076720 0.049603
0 0.341601 0.751488 0.047619 0.073743
0 0.502480 0.621362 0.075728 0.054233
2 0.546958 0.581349 0.039021 0.029762
2 0.600860 0.661376 0.032407 0.024471
2 0.401124 0.392361 0.043651 0.034722
2 0.615741 0.404266 0.044312 0.047950
1 0.354332 0.449074 0.092262 0.071429
1 0.338955 0.538194 0.051587 0.112103
1 0.555225 0.722718 0.095899 0.039352
1 0.530919 0.532242 0.073082 0.039352
1 0.465608 0.499339 0.071429 0.041667
1 0.544312 0.355489 0.070767 0.035714
1 0.616071 0.698413 0.027778 0.072090
1 0.583003 0.398644 0.057540 0.073082