1 0.459325 0.667659 0.017196 0.019841
1 0.620701 0.606316 0.021164 0.021495
1 0.620701 0.715112 0.017196 0.021495
1 0.693783 0.567295 0.017196 0.023479
1 0.475033 0.371362 0.037368 0.029762
1 0.272817 0.662533 0.031085 0.043981
0 0.490575 0.450562 0.053241 0.044643
0 0.296296 0.324901 0.065476 0.027447
0 0.393684 0.500165 0.026124 0.059854
0 0.460483 0.540179 0.038690 0.059854
0 0.360284 0.617560 0.058532 0.026124
0 0.516865 0.693122 0.032407 0.060185
0 0.356316 0.688327 0.059854 0.041997
0 0.180886 0.629960 0.066138 0.030423
0 0.172619 0.496528 0.034392 0.056548
1 0.285549 0.445437 0.026124 0.048280
1 0.539517 0.539848 0.028108 0.060516
1 0.417493 0.273810 0.054563 0.031746
1 0.708168 0.490575 0.055886 0.038029
1 0.204530 0.399636 0.022817 0.071098
1 0.551918 0.256283 0.051587 0.066799
1 0.661045 0.306548 0.021825 0.061508
1 0.599702 0.362434 0.078373 0.044974
1 0.362103 0.409557 0.045635 0.075728
1 0.600529 0.526290 0.046958 0.043320
2 0.334160 0.572255 0.026786 0.026124
2 0.682044 0.632110 0.022817 0.037368
2 0.705026 0.652778 0.017857 0.026455
2 0.617394 0.457507 0.017196 0.025463
2 0.166336 0.461310 0.030423 0.030423
2 0.374173 0.189815 0.039352 0.029101
2 0.526786 0.380291 0.033069 0.031085