1 0.340774 0.192791 0.026124 0.033069
1 0.535714 0.593585 0.025794 0.031746
1 0.503638 0.333168 0.023810 0.028770
1 0.558862 0.381448 0.031085 0.026124
1 0.634094 0.490906 0.027447 0.042659
1 0.604828 0.469907 0.036376 0.039021
1 0.796792 0.279431 0.038690 0.030423
1 0.655589 0.282077 0.028770 0.037037
0 0.424769 0.600694 0.069114 0.038029
0 0.553241 0.750496 0.072090 0.040013
0 0.714451 0.799438 0.065146 0.055225
0 0.605489 0.192626 0.032407 0.071759
0 0.642857 0.378638 0.061508 0.038360
0 0.609458 0.340608 0.030423 0.067460
0 0.561839 0.302579 0.034392 0.064153
0 0.407077 0.364749 0.051587 0.052249
1 0.264550 0.408565 0.054233 0.062500
1 0.366898 0.594907 0.038690 0.087963
1 0.699405 0.613261 0.098545 0.043320
1 0.630787 0.292824 0.026124 0.098214
1 0.780258 0.628142 0.063161 0.041336
1 0.861111 0.415840 0.048942 0.057870
1 0.443948 0.382771 0.088294 0.040013
1 0.571098 0.208829 0.047619 0.071098
1 0.550761 0.433697 0.038690 0.056548
1 0.710979 0.542163 0.060185 0.057209
2 0.420139 0.504630 0.024140 0.035714
2 0.623843 0.408234 0.022156 0.030093
2 0.494213 0.111938 0.041336 0.042659