1 0.357474 0.475364 0.018519 0.020172
1 0.374835 0.564980 0.020172 0.020172
1 0.566964 0.667989 0.022817 0.029101
1 0.466435 0.740410 0.036706 0.031746
1 0.400959 0.674107 0.047288 0.036045
1 0.434854 0.519511 0.051587 0.033730
0 0.557044 0.754299 0.045304 0.050265
0 0.242229 0.707341 0.024802 0.066138
0 0.511574 0.633929 0.053571 0.051587
0 0.539517 0.502315 0.073743 0.029762
0 0.226356 0.547123 0.060516 0.026786
0 0.444114 0.409557 0.033069 0.061839
0 0.386078 0.367229 0.060516 0.028108
0 0.556382 0.274636 0.036045 0.060516
0 0.408896 0.259425 0.053902 0.043981
1 0.383433 0.768188 0.063161 0.029762
1 0.733466 0.483300 0.046958 0.069114
1 0.650794 0.361442 0.034392 0.082672
1 0.592262 0.452546 0.064815 0.058532
1 0.280754 0.476356 0.076058 0.057870
1 0.291336 0.289517 0.068122 0.058532
1 0.230159 0.391369 0.062831 0.040675
2 0.291501 0.395007 0.029431 0.026124
2 0.407903 0.451554 0.029431 0.024802
2 0.596892 0.609623 0.035714 0.040675
2 0.552249 0.434358 0.029101 0.024802
2 0.471561 0.612765 0.017857 0.031746
2 0.390708 0.592593 0.020172 0.036376
1 0.707837 0.587467 0.037368 0.057870
1 0.772817 0.394015 0.033069 0.058532
1 0.649636 0.702381 0.054563 0.045635
1 0.302249 0.680060 0.049603 0.045966