1 0.473049 0.264550 0.023479 0.022487
1 0.538690 0.715278 0.021164 0.029762
1 0.254960 0.761905 0.024471 0.019841
1 0.449074 0.431713 0.036376 0.029431
1 0.534226 0.401124 0.034722 0.029762
1 0.561343 0.280258 0.024140 0.040013
0 0.721726 0.311343 0.032077 0.065146
0 0.632606 0.550099 0.061508 0.041336
0 0.431052 0.558201 0.057870 0.031746
0 0.215608 0.492725 0.056878 0.054233
0 0.346230 0.437169 0.060185 0.037698
0 0.253472 0.627315 0.071098 0.042328
0 0.587136 0.678075 0.062500 0.028108
0 0.665013 0.646164 0.062831 0.040344
1 0.357474 0.250496 0.061508 0.040013
1 0.346892 0.506283 0.049603 0.048280
1 0.414021 0.358631 0.091931 0.034061
1 0.227513 0.391204 0.066138 0.061508
1 0.399967 0.756614 0.040013 0.083995
1 0.501984 0.676918 0.081349 0.042328
1 0.529762 0.576058 0.089947 0.039021
1 0.702216 0.474372 0.068452 0.043981
2 0.715278 0.310847 0.037698 0.028439
2 0.535053 0.443618 0.039021 0.024802
2 0.416501 0.411706 0.040013 0.027116
2 0.340774 0.428241 0.030754 0.027116
2 0.473049 0.484292 0.040013 0.030754
2 0.341435 0.597057 0.029431 0.041336
2 0.358135 0.702877 0.027116 0.028108
2 0.600694 0.394015 0.035384 0.036706
1 0.575728 0.493386 0.060185 0.031085
1 0.768022 0.594411 0.028770 0.057209