1 0.282407 0.660384 0.013228 0.019180
1 0.348876 0.467262 0.017857 0.017196
1 0.788856 0.491402 0.018188 0.021164
1 0.469742 0.527943 0.030093 0.028108
1 0.488261 0.677910 0.028770 0.030423
1 0.259921 0.620040 0.027778 0.034392
0 0.309854 0.525298 0.037698 0.060516
0 0.333829 0.380291 0.038690 0.046296
0 0.464616 0.363922 0.022487 0.051257
0 0.594907 0.614087 0.048942 0.040344
0 0.645337 0.642857 0.063161 0.023810
0 0.479993 0.598710 0.053902 0.034722
0 0.331184 0.627315 0.056548 0.025132
1 0.356647 0.713128 0.051257 0.023479
1 0.569444 0.342262 0.046296 0.036376
1 0.434193 0.421958 0.074074 0.033730
1 0.489418 0.258598 0.053571 0.050265
1 0.394015 0.509755 0.034722 0.063161
1 0.625000 0.538856 0.078704 0.034722
1 0.453538 0.660218 0.069775 0.026786
1 0.394180 0.616402 0.066138 0.029101
1 0.498016 0.440146 0.029762 0.048280
1 0.668816 0.319279 0.056548 0.031415
2 0.305225 0.260913 0.031746 0.025132
2 0.505126 0.355159 0.020833 0.029101
2 0.603175 0.445437 0.033730 0.029762
2 0.657738 0.441799 0.045635 0.039021
2 0.718419 0.585483 0.030093 0.032738
2 0.334160 0.602017 0.031415 0.028108