1 0.175761 0.499173 0.024140 0.024802
1 0.524967 0.256448 0.022817 0.025463
1 0.585152 0.651620 0.023479 0.025463
1 0.516700 0.597388 0.028108 0.021495
1 0.454034 0.524636 0.035053 0.037368
1 0.694444 0.575231 0.027116 0.054563
0 0.307209 0.652778 0.029762 0.060847
0 0.687335 0.497851 0.073082 0.027447
0 0.533234 0.375165 0.029431 0.067791
0 0.285714 0.340774 0.048280 0.040013
1 0.395172 0.558036 0.029101 0.041997
0 0.547784 0.534722 0.062500 0.029762
0 0.239087 0.564980 0.031085 0.063823
0 0.538856 0.479663 0.057209 0.025463
0 0.651290 0.387897 0.023479 0.056878
1 0.596892 0.400959 0.050926 0.047288
1 0.249835 0.432044 0.060516 0.038029
1 0.526290 0.671462 0.028108 0.056548
1 0.458995 0.616402 0.033730 0.082672
1 0.329365 0.459325 0.050265 0.067460
1 0.390708 0.404762 0.021495 0.076058
1 0.459656 0.343089 0.031085 0.086310
1 0.357804 0.310516 0.067460 0.031746
1 0.604167 0.299438 0.068122 0.026124
1 0.631118 0.719246 0.058532 0.051587
1 0.609458 0.595899 0.052249 0.050265
1 0.357970 0.741402 0.056548 0.029762
2 0.311508 0.346892 0.033730 0.027778
2 0.209325 0.282903 0.048942 0.026124
2 0.464451 0.443122 0.038029 0.033730
2 0.620040 0.488261 0.028439 0.023479
2 0.423115 0.543320 0.028108 0.037037
2 0.304398 0.564980 0.024140 0.028108
2 0.420635 0.703042 0.026455 0.034392