1 0.304729 0.467262 0.024802 0.039021
1 0.468419 0.398148 0.026124 0.028439
1 0.403935 0.118882 0.029431 0.036706
1 0.319610 0.641534 0.026124 0.042328
1 0.580026 0.502646 0.050926 0.048280
1 0.804398 0.471561 0.032077 0.049603
0 0.570602 0.315642 0.069775 0.030754
0 0.784226 0.281250 0.041336 0.071098
0 0.575231 0.660384 0.062500 0.056878
0 0.718089 0.835813 0.041336 0.065146
0 0.360946 0.516865 0.068452 0.034392
0 0.307705 0.324405 0.056548 0.048280
0 0.329034 0.214616 0.044974 0.060185
1 0.506779 0.895503 0.067130 0.037698
1 0.408069 0.480159 0.049603 0.055556
1 0.346726 0.623677 0.035384 0.066138
1 0.277778 0.868882 0.076720 0.032077
1 0.464947 0.741237 0.037698 0.069775
1 0.690476 0.584821 0.044974 0.094246
1 0.877646 0.558201 0.067460 0.046296
1 0.163029 0.480820 0.060185 0.078042
1 0.985780 0.351521 0.028439 0.069444
1 0.679894 0.378142 0.049603 0.094246
1 0.519180 0.530919 0.052249 0.057870
1 0.547619 0.356978 0.028439 0.068452
1 0.648479 0.809193 0.060185 0.028439
2 0.704034 0.115906 0.036376 0.038029
2 0.213955 0.669312 0.027116 0.031746
2 0.411706 0.586640 0.030423 0.031746
2 0.716435 0.707672 0.038029 0.056878
2 0.358466 0.714120 0.044974 0.034061
2 0.734623 0.416501 0.036706 0.024802
2 0.484954 0.203373 0.042659 0.033069
2 0.661541 0.268849 0.034061 0.046296