1 0.450066 0.245370 0.034392 0.022487
1 0.621858 0.444279 0.026124 0.026124
1 0.498016 0.517526 0.029762 0.024471
1 0.419147 0.642692 0.067791 0.030754
1 0.519841 0.642030 0.062169 0.047288
2 0.606978 0.275298 0.035384 0.028108
2 0.583499 0.432044 0.022817 0.034722
2 0.576720 0.512235 0.017196 0.031085
2 0.524306 0.445602 0.047950 0.044643
1 0.583499 0.659061 0.038690 0.035053
1 0.514550 0.601356 0.037698 0.034722
1 0.348380 0.570933 0.038029 0.043320
0 0.405589 0.544974 0.032077 0.071429
0 0.352513 0.499669 0.042328 0.078704
0 0.479167 0.629630 0.035053 0.064815
0 0.614583 0.655258 0.036045 0.068452
0 0.737434 0.587302 0.070767 0.041667
0 0.471726 0.439815 0.052579 0.047619
0 0.394180 0.302745 0.044312 0.058532
1 0.454365 0.398313 0.064153 0.035384
1 0.460979 0.549272 0.066138 0.031746
1 0.736442 0.410384 0.066138 0.046296
1 0.446594 0.366898 0.088955 0.047950
1 0.307870 0.451389 0.044974 0.090608
1 0.628307 0.313492 0.038360 0.070106
1 0.668320 0.494213 0.074074 0.034722