1 0.449074 0.344907 0.016534 0.021164
1 0.544147 0.365906 0.024802 0.026786
1 0.589782 0.383102 0.026124 0.023479
1 0.411376 0.481316 0.025132 0.022817
1 0.630952 0.450231 0.020503 0.018849
1 0.511078 0.540675 0.041336 0.029762
1 0.425595 0.405919 0.044312 0.030093
0 0.325231 0.494544 0.047950 0.054563
0 0.437004 0.454034 0.068452 0.029762
0 0.482308 0.400463 0.030093 0.051587
0 0.372520 0.565807 0.028770 0.072751
0 0.443618 0.545635 0.030093 0.065476
0 0.462632 0.618552 0.056878 0.051918
0 0.527943 0.570933 0.066468 0.035384
0 0.631118 0.514220 0.061839 0.049603
1 0.685351 0.349868 0.064484 0.028439
1 0.666832 0.533896 0.030754 0.071759
1 0.357474 0.618882 0.060847 0.036706
1 0.276455 0.480655 0.068783 0.028108
1 0.537698 0.445106 0.054233 0.049603
1 0.511905 0.630622 0.048280 0.057540
2 0.549603 0.493552 0.030423 0.018188
2 0.477679 0.520503 0.043981 0.035053
2 0.335317 0.457672 0.037037 0.021164
1 0.316634 0.360780 0.095569 0.029101
1 0.407573 0.322586 0.072421 0.080357
1 0.398479 0.716931 0.084656 0.068122
1 0.535053 0.666171 0.031746 0.076389
1 0.598876 0.674438 0.045635 0.092923
1 0.654431 0.465774 0.046296 0.067791