1 0.393353 0.331680 0.020833 0.027778
1 0.353836 0.506779 0.030423 0.028770
1 0.576389 0.483135 0.025132 0.027778
1 0.471230 0.741071 0.041005 0.044312
1 0.317956 0.477679 0.032077 0.034722
1 0.398644 0.259425 0.037368 0.030093
0 0.568783 0.359292 0.038360 0.059193
0 0.760913 0.315642 0.049603 0.054563
0 0.744709 0.578373 0.069444 0.031746
0 0.508763 0.513724 0.042659 0.060516
0 0.453373 0.559028 0.043651 0.057870
0 0.430556 0.464947 0.032407 0.066799
0 0.441964 0.262566 0.030093 0.069444
0 0.415840 0.381448 0.027447 0.060516
1 0.260747 0.356978 0.028770 0.057209
1 0.567130 0.279762 0.032407 0.065476
1 0.645833 0.599041 0.034392 0.060516
1 0.539683 0.792659 0.048280 0.068783
1 0.552249 0.676918 0.030423 0.068783
1 0.291171 0.416832 0.042659 0.057209
1 0.659722 0.467097 0.064815 0.058532
1 0.534061 0.414187 0.048942 0.076389
1 0.438823 0.334821 0.066799 0.028108
1 0.507440 0.277282 0.069114 0.041336
1 0.473876 0.246032 0.032407 0.085979
2 0.521164 0.181217 0.046958 0.036376
2 0.336640 0.242229 0.029101 0.043981
2 0.552249 0.157407 0.048280 0.037037
2 0.508102 0.324570 0.037368 0.029431
2 0.445767 0.448082 0.029762 0.034392
2 0.651951 0.424438 0.024802 0.036706
2 0.616237 0.539848 0.036045 0.040013
2 0.569114 0.614914 0.028439 0.028770
2 0.619709 0.819940 0.039683 0.041997