1 0.350033 0.195437 0.022817 0.019180
1 0.398148 0.383433 0.017196 0.022156
1 0.533234 0.414683 0.018849 0.018519
1 0.283234 0.589782 0.026786 0.022817
1 0.483466 0.357143 0.035714 0.030423
1 0.679233 0.471561 0.039021 0.041667
1 0.364583 0.635251 0.034722 0.036376
1 0.426753 0.533896 0.032077 0.042659
0 0.238757 0.423115 0.048280 0.063823
0 0.302414 0.337963 0.057870 0.056878
0 0.395833 0.240079 0.043651 0.066138
0 0.555225 0.209821 0.052910 0.048611
0 0.680886 0.365079 0.066138 0.044974
0 0.632440 0.596065 0.047288 0.057870
0 0.480159 0.452546 0.056878 0.038029
0 0.281746 0.690476 0.056878 0.043651
0 0.418816 0.729993 0.056548 0.047288
1 0.498512 0.280093 0.050595 0.054233
1 0.454861 0.393519 0.057870 0.040344
1 0.518684 0.596561 0.057870 0.042328
1 0.199239 0.628472 0.051918 0.077712
1 0.610780 0.459656 0.043651 0.078042
1 0.606647 0.395337 0.073082 0.024802
1 0.553902 0.368552 0.072090 0.018849
1 0.370370 0.446759 0.044974 0.066138
1 0.295966 0.529266 0.070767 0.030754
2 0.365575 0.337302 0.040013 0.027116
2 0.154927 0.485615 0.040675 0.026786
2 0.206019 0.518519 0.035053 0.031746
2 0.429894 0.493056 0.028439 0.034392
2 0.574901 0.486607 0.036045 0.024802
2 0.644676 0.536376 0.024802 0.033069
2 0.443618 0.612930 0.024140 0.026124
1 0.536872 0.718915 0.047288 0.050926
1 0.630787 0.718750 0.036706 0.062500