1 0.222553 0.310020 0.019841 0.020172
1 0.454696 0.403604 0.027116 0.025463
1 0.363426 0.470569 0.019180 0.021164
1 0.584656 0.713459 0.033069 0.023479
1 0.601356 0.365575 0.026786 0.041336
1 0.319940 0.307705 0.041336 0.028770
1 0.349041 0.245205 0.028770 0.040675
0 0.298942 0.640708 0.062831 0.041997
0 0.424769 0.326554 0.042659 0.062500
0 0.509425 0.270007 0.045304 0.059854
0 0.588624 0.256944 0.048280 0.052910
0 0.524306 0.485946 0.057209 0.040013
0 0.607970 0.480820 0.028770 0.069444
0 0.385582 0.592427 0.049603 0.061177
0 0.660714 0.521495 0.054233 0.054233
0 0.475529 0.635251 0.065476 0.033730
1 0.420966 0.492560 0.027116 0.058532
1 0.729332 0.609127 0.055225 0.048942
1 0.550265 0.798776 0.066138 0.038690
1 0.375496 0.697255 0.035384 0.068452
1 0.320602 0.413690 0.026124 0.060847
1 0.230820 0.377480 0.072090 0.059854
1 0.278770 0.522652 0.082672 0.026124
1 0.462632 0.552910 0.035714 0.071429
1 0.163029 0.482308 0.080026 0.044643
1 0.124669 0.336144 0.064153 0.059854
2 0.431878 0.133763 0.033730 0.041997
2 0.538856 0.330026 0.038029 0.040344
2 0.422619 0.453704 0.019180 0.033069
2 0.123677 0.509094 0.038360 0.024140
2 0.437500 0.720569 0.033730 0.029762
2 0.585979 0.628638 0.030423 0.029101