1 0.757110 0.571098 0.032077 0.027116
1 0.252149 0.383763 0.028108 0.026786
1 0.447586 0.539848 0.023479 0.023479
1 0.563657 0.761739 0.026786 0.024802
1 0.614253 0.620370 0.027447 0.027778
1 0.295470 0.571263 0.026786 0.039352
1 0.272156 0.572255 0.031085 0.037368
2 0.298115 0.546627 0.026124 0.012566
1 0.542328 0.607970 0.047619 0.046627
1 0.427579 0.485615 0.034392 0.055886
1 0.323082 0.329696 0.048942 0.029101
0 0.489583 0.334160 0.070437 0.030754
0 0.268022 0.434358 0.057209 0.061839
0 0.382771 0.443618 0.042659 0.057209
0 0.251488 0.588790 0.041997 0.071759
0 0.335483 0.661706 0.036706 0.070106
0 0.436839 0.594907 0.036376 0.066138
0 0.643519 0.566964 0.066799 0.028108
0 0.672454 0.564484 0.047288 0.066138
0 0.302414 0.811508 0.072421 0.050265
1 0.259094 0.227017 0.088955 0.043981
1 0.330688 0.378968 0.085979 0.055556
1 0.509094 0.579530 0.079034 0.057209
1 0.392692 0.690807 0.072421 0.048280
2 0.374173 0.676587 0.026786 0.033730
2 0.578042 0.573578 0.028439 0.024802
2 0.612765 0.289683 0.048280 0.045635
1 0.611442 0.395172 0.027778 0.072751
1 0.547784 0.393353 0.041997 0.075066
1 0.440146 0.639054 0.064153 0.026124
2 0.539517 0.739253 0.040675 0.044643
1 0.705192 0.656911 0.038690 0.074405
1 0.605159 0.504299 0.068783 0.052910
1 0.471561 0.511243 0.066138 0.035053