1 0.501984 0.747189 0.031746 0.038690
1 0.562335 0.711806 0.029431 0.032077
1 0.592923 0.610284 0.027116 0.029431
1 0.631448 0.571263 0.030754 0.029431
1 0.746032 0.458333 0.028439 0.028439
1 0.601190 0.475529 0.048280 0.034392
1 0.672619 0.687500 0.033069 0.040344
1 0.731316 0.581184 0.047950 0.035384
1 0.704696 0.322586 0.037698 0.030754
1 0.316303 0.623347 0.059193 0.029762
0 0.470899 0.249339 0.049603 0.070767
0 0.581845 0.236442 0.068452 0.042328
0 0.776620 0.506944 0.075728 0.037698
0 0.676257 0.482639 0.063492 0.057870
0 0.482639 0.357474 0.068452 0.031746
0 0.377480 0.379795 0.044643 0.079034
0 0.431878 0.395833 0.033069 0.075397
0 0.352183 0.496197 0.072090 0.047288
0 0.655589 0.660384 0.071759 0.023810
1 0.512070 0.656250 0.047288 0.071759
1 0.444775 0.650298 0.037698 0.062500
1 0.696429 0.611276 0.054233 0.036706
1 0.460152 0.454200 0.071098 0.045966
1 0.584160 0.385086 0.068452 0.047288
1 0.590112 0.296131 0.073082 0.041336
1 0.332672 0.311508 0.054233 0.088624
1 0.286541 0.426587 0.038029 0.099206
1 0.298280 0.582341 0.075397 0.054233
1 0.500992 0.596561 0.105159 0.037698
2 0.830357 0.589616 0.048280 0.033069
2 0.529266 0.507440 0.041336 0.041336
2 0.445933 0.481481 0.023479 0.034392