1 0.488591 0.353175 0.024140 0.029101
1 0.717923 0.348710 0.027116 0.022817
1 0.421296 0.612269 0.026455 0.024802
1 0.482970 0.798115 0.035384 0.043981
1 0.689980 0.656250 0.047950 0.034722
1 0.312004 0.577050 0.026786 0.049603
0 0.214286 0.452050 0.044974 0.066799
0 0.284226 0.397487 0.030093 0.066799
0 0.270999 0.271825 0.041336 0.064815
0 0.394676 0.312004 0.041997 0.057209
0 0.519180 0.418155 0.053571 0.044643
0 0.653439 0.279266 0.070106 0.041336
0 0.747520 0.455357 0.043320 0.052910
0 0.418155 0.438492 0.062500 0.020503
0 0.501984 0.689319 0.049603 0.057870
1 0.561839 0.490079 0.054894 0.049603
1 0.210152 0.560516 0.040675 0.060847
1 0.339120 0.478836 0.041997 0.056878
1 0.278274 0.668320 0.072421 0.033730
1 0.571925 0.601521 0.028108 0.083333
1 0.649802 0.408896 0.033730 0.084325
1 0.448413 0.516369 0.068122 0.028770
1 0.525628 0.245701 0.088955 0.034392
2 0.415179 0.200562 0.024802 0.040675
2 0.602844 0.342427 0.029762 0.035384
2 0.668320 0.549769 0.032407 0.051918
2 0.415840 0.450231 0.040013 0.023479
2 0.648644 0.382110 0.036045 0.026124
2 0.549438 0.559524 0.041336 0.031085
1 0.355655 0.769180 0.065146 0.049603