1 0.154431 0.584821 0.021825 0.020833
1 0.290675 0.654431 0.046958 0.035053
1 0.464286 0.666997 0.025132 0.021825
1 0.339286 0.520833 0.027778 0.039021
1 0.357639 0.379464 0.026124 0.024140
1 0.583168 0.442460 0.034722 0.032407
1 0.337136 0.616237 0.034061 0.067791
1 0.237103 0.713955 0.085979 0.030423
1 0.256283 0.510913 0.077381 0.052249
1 0.351190 0.476025 0.074074 0.051918
1 0.397321 0.243221 0.081019 0.037368
1 0.352513 0.331019 0.066138 0.054894
1 0.636574 0.539517 0.085979 0.029431
1 0.638889 0.623512 0.052249 0.063823
1 0.775794 0.391204 0.060185 0.047619
1 0.493717 0.210152 0.035714 0.059854
0 0.394511 0.821429 0.049603 0.055556
0 0.566138 0.723876 0.039021 0.066138
0 0.811839 0.641700 0.071429 0.034061
0 0.446429 0.683201 0.036376 0.062831
0 0.452381 0.545966 0.066138 0.025132
0 0.736772 0.482143 0.049603 0.050265
0 0.458168 0.414683 0.059854 0.046296
0 0.566468 0.237434 0.055556 0.052249
1 0.521660 0.603175 0.058532 0.060847
2 0.497024 0.694444 0.033069 0.027778
2 0.567791 0.571759 0.021825 0.035053
2 0.283730 0.409392 0.038360 0.039021
2 0.370370 0.433366 0.044312 0.038029
2 0.539187 0.386078 0.032077 0.037368
2 0.845899 0.310185 0.029762 0.033730
2 0.254134 0.081515 0.028108 0.042659
