2 0.516667 0.420000 0.044000 0.033333
2 0.606667 0.415333 0.042667 0.061333
2 0.286000 0.488667 0.044000 0.037333
2 0.588000 0.622667 0.050667 0.038667
2 0.172000 0.388667 0.053333 0.056000
1 0.336667 0.669333 0.110667 0.049333
1 0.384000 0.299333 0.133333 0.066667
0 0.342667 0.422667 0.048000 0.094667
0 0.246667 0.358000 0.058667 0.077333
0 0.712667 0.454000 0.044000 0.088000
0 0.359333 0.594667 0.057333 0.081333
0 0.449333 0.519333 0.064000 0.080000
0 0.612000 0.556000 0.058667 0.092000
0 0.429333 0.637333 0.093333 0.041333
1 0.218667 0.500667 0.074667 0.061333
1 0.392000 0.441333 0.032000 0.049333
1 0.562667 0.756000 0.114667 0.062667
