1 0.316634 0.458829 0.020833 0.022817
1 0.546958 0.447917 0.019841 0.021495
1 0.578704 0.351356 0.019841 0.021495
1 0.601025 0.374504 0.022156 0.019511
1 0.522652 0.616567 0.037368 0.028108
1 0.674438 0.545470 0.026786 0.041336
0 0.347718 0.627976 0.057870 0.042989
0 0.406746 0.441964 0.050926 0.031415
0 0.503968 0.427083 0.039683 0.055886
0 0.388558 0.377976 0.060185 0.037037
0 0.570106 0.247024 0.056217 0.037037
0 0.671792 0.301753 0.040675 0.036706
0 0.633102 0.645999 0.054563 0.041336
0 0.513558 0.545304 0.046958 0.049603
0 0.461144 0.590443 0.057870 0.036706
1 0.441634 0.680556 0.075066 0.032407
1 0.393849 0.543651 0.068783 0.029762
1 0.638724 0.440642 0.057209 0.063161
1 0.228671 0.486772 0.054563 0.063492
1 0.287202 0.381118 0.055886 0.025463
1 0.597718 0.488922 0.038690 0.055225
2 0.704034 0.590443 0.032407 0.041997
2 0.723710 0.747520 0.026124 0.040675
2 0.488757 0.571759 0.030423 0.032407
2 0.170304 0.320271 0.035053 0.024140
2 0.322421 0.336971 0.031085 0.033730
2 0.336640 0.283896 0.034392 0.038029
2 0.437169 0.292493 0.031746 0.038690
1 0.498181 0.363922 0.056548 0.026124
1 0.568783 0.700893 0.029762 0.059193