1 0.381614 0.411706 0.022487 0.027116
1 0.577712 0.510086 0.021825 0.022156
1 0.303075 0.474372 0.039352 0.037368
1 0.528108 0.404431 0.037037 0.028439
1 0.525132 0.547123 0.017196 0.021495
0 0.653108 0.643849 0.036376 0.044312
0 0.572421 0.712467 0.050265 0.044643
0 0.465443 0.754464 0.057870 0.044643
0 0.318452 0.654927 0.036376 0.055225
0 0.210152 0.552083 0.034061 0.059193
0 0.359292 0.529431 0.024802 0.060847
0 0.484127 0.319940 0.067460 0.038690
0 0.395833 0.275959 0.029101 0.063161
0 0.283069 0.368386 0.047619 0.049603
0 0.641038 0.406911 0.056548 0.037368
2 0.277282 0.563823 0.040013 0.034392
2 0.413360 0.570106 0.028439 0.038360
2 0.497189 0.560185 0.023479 0.036376
2 0.530919 0.570106 0.040013 0.019180
2 0.391038 0.644841 0.023479 0.033730
2 0.247685 0.811673 0.029101 0.038029
2 0.328704 0.343750 0.028439 0.036706
1 0.199570 0.450231 0.042659 0.056548
1 0.565642 0.253638 0.057209 0.046296
1 0.452216 0.466104 0.040013 0.078373
1 0.489418 0.371032 0.064815 0.038360
1 0.725198 0.494709 0.080026 0.051587
1 0.700893 0.600860 0.023479 0.064153
1 0.501157 0.635913 0.073082 0.029762
1 0.393022 0.668651 0.061839 0.060847
2 0.627976 0.350694 0.021825 0.028108