1 0.690972 0.779266 0.019511 0.022817
1 0.237765 0.712963 0.026455 0.027116
1 0.551422 0.316468 0.022156 0.031085
1 0.408069 0.750827 0.041005 0.043981
1 0.421792 0.707507 0.041336 0.032077
1 0.291997 0.618552 0.048942 0.042659
1 0.640708 0.495370 0.045304 0.038360
1 0.423280 0.465774 0.030423 0.048611
0 0.370205 0.685847 0.043320 0.071429
0 0.440642 0.645337 0.038690 0.063161
0 0.480820 0.662368 0.042328 0.054233
0 0.580522 0.719081 0.026786 0.074405
0 0.604663 0.660053 0.068452 0.027778
0 0.621528 0.549769 0.027447 0.071759
0 0.717427 0.586310 0.074405 0.029762
1 0.240245 0.666005 0.034722 0.065476
1 0.330357 0.496197 0.052910 0.057870
1 0.387731 0.366898 0.054563 0.043981
1 0.528770 0.721561 0.066138 0.044312
1 0.539187 0.580192 0.070437 0.027447
1 0.703538 0.542659 0.061839 0.039683
1 0.403604 0.585317 0.050595 0.062831
1 0.293651 0.548115 0.090608 0.028108
1 0.451224 0.539352 0.040013 0.088624
1 0.469577 0.459160 0.067460 0.054563
1 0.708499 0.470238 0.087632 0.041667
1 0.641534 0.277612 0.060185 0.085648
1 0.484788 0.171958 0.092593 0.021825
2 0.274636 0.325397 0.041336 0.041667
2 0.447586 0.470238 0.028770 0.027116
2 0.707176 0.569940 0.030093 0.014881
2 0.529927 0.559028 0.035384 0.020833
2 0.475364 0.789517 0.030754 0.030754