2 0.629333 0.264000 0.040000 0.057333
2 0.786000 0.450000 0.060000 0.048000
2 0.523333 0.723333 0.036000 0.042667
1 0.725333 0.614000 0.037333 0.085333
1 0.050667 0.368667 0.072000 0.093333
0 0.239333 0.394667 0.078667 0.068000
0 0.618000 0.458667 0.084000 0.057333
0 0.277333 0.496000 0.045333 0.094667
0 0.391333 0.603333 0.068000 0.088000
0 0.535333 0.574667 0.086667 0.046667
0 0.541333 0.525333 0.082667 0.060000
1 0.502667 0.238000 0.056000 0.058667
1 0.503333 0.308000 0.065333 0.102667
1 0.540000 0.466000 0.034667 0.061333
