1 0.168816 0.492560 0.035384 0.040675
1 0.186343 0.596726 0.027447 0.024140
1 0.444114 0.425761 0.016534 0.026786
1 0.372024 0.637235 0.018519 0.018519
1 0.308036 0.681713 0.024140 0.030093
1 0.447421 0.745536 0.020503 0.026786
1 0.320767 0.538856 0.029101 0.041997
1 0.455522 0.468254 0.039352 0.035714
0 0.342758 0.401786 0.057870 0.048942
0 0.256448 0.623181 0.041997 0.052579
0 0.338294 0.751653 0.058862 0.046296
0 0.437831 0.571429 0.060847 0.035714
0 0.620370 0.585317 0.044312 0.045635
0 0.614583 0.426257 0.044643 0.052249
0 0.532242 0.507771 0.059193 0.036706
0 0.372354 0.482308 0.030423 0.053241
1 0.422123 0.308697 0.040013 0.047288
1 0.540840 0.744874 0.032077 0.057209
1 0.207176 0.422784 0.024802 0.071759
1 0.257606 0.494378 0.046296 0.068783
1 0.547123 0.353836 0.044643 0.064815
1 0.542824 0.525628 0.054563 0.058532
1 0.345238 0.618552 0.070767 0.040675
1 0.243552 0.690972 0.067791 0.021495
1 0.728505 0.570437 0.037037 0.080688
1 0.639385 0.737599 0.068452 0.022156
1 0.251488 0.334491 0.043320 0.056548
1 0.604001 0.659722 0.041336 0.063492
2 0.465774 0.648644 0.020172 0.027447
2 0.249339 0.781581 0.031085 0.036045
2 0.658234 0.687665 0.020833 0.028108
2 0.593089 0.545635 0.024140 0.036376
2 0.610450 0.471561 0.032407 0.021825
2 0.488426 0.478836 0.028439 0.025794
2 0.468419 0.423446 0.025463 0.020833