1 0.545800 0.782573 0.032077 0.024802
1 0.881779 0.707672 0.023479 0.023810
1 0.472884 0.561177 0.033069 0.020503
1 0.467758 0.585317 0.028770 0.020503
1 0.704696 0.454861 0.043651 0.031415
1 0.747685 0.689484 0.023810 0.025132
1 0.572917 0.497685 0.033399 0.043651
1 0.651786 0.445437 0.053571 0.028439
1 0.404266 0.360284 0.026786 0.042659
0 0.715278 0.687500 0.064815 0.044974
0 0.709160 0.573247 0.072421 0.032077
0 0.760913 0.425761 0.074074 0.034722
0 0.662533 0.487434 0.025463 0.072090
0 0.488757 0.607804 0.070767 0.038360
0 0.412368 0.618717 0.069444 0.033069
0 0.302249 0.571429 0.062169 0.045635
0 0.684193 0.205192 0.040344 0.073743
1 0.629134 0.480324 0.049272 0.063823
1 0.685351 0.612765 0.056548 0.052910
1 0.472553 0.723545 0.065476 0.037037
1 0.633929 0.605324 0.042989 0.059854
1 0.492890 0.380622 0.059193 0.048942
1 0.596561 0.860780 0.075397 0.037037
1 0.514881 0.264716 0.091931 0.026124
1 0.411045 0.505456 0.030423 0.087632
1 0.753472 0.647156 0.111442 0.030423
1 0.767030 0.587467 0.094246 0.038690
2 0.567791 0.683862 0.021164 0.027116
2 0.592262 0.644180 0.029101 0.035714
2 0.274140 0.506779 0.041667 0.039352
2 0.626157 0.394180 0.040675 0.027778