1 0.636078 0.543981 0.023479 0.027116
1 0.348545 0.561177 0.027116 0.028439
1 0.455853 0.496858 0.024802 0.024802
1 0.658069 0.445437 0.043651 0.046958
1 0.722388 0.546462 0.051918 0.045966
1 0.438327 0.440642 0.053241 0.035384
0 0.256448 0.299603 0.069775 0.046296
0 0.201389 0.588459 0.070767 0.035384
0 0.373347 0.477183 0.050926 0.049603
0 0.482639 0.388062 0.047288 0.057870
0 0.549934 0.222718 0.058862 0.036706
0 0.456019 0.284888 0.060185 0.042659
0 0.643849 0.317956 0.064815 0.042659
1 0.366237 0.238261 0.055225 0.040675
1 0.183366 0.476687 0.040675 0.059854
1 0.574570 0.479663 0.061177 0.025463
1 0.374835 0.691303 0.063823 0.040013
1 0.490245 0.582837 0.038690 0.076389
1 0.657573 0.689649 0.060516 0.059854
1 0.610450 0.605655 0.061508 0.028108
1 0.590112 0.392692 0.034722 0.079034
1 0.531581 0.334491 0.027447 0.064484
1 0.377480 0.356481 0.088955 0.034392
1 0.483300 0.679563 0.067791 0.031746
1 0.314980 0.434854 0.055886 0.031085
1 0.245205 0.401455 0.061177 0.033069
2 0.332011 0.405093 0.033730 0.028439
2 0.441303 0.256614 0.022156 0.034392
2 0.287698 0.511243 0.029101 0.028439
2 0.312831 0.640377 0.033730 0.028770
2 0.564153 0.669312 0.031085 0.030423
2 0.437169 0.790179 0.037037 0.054563
2 0.740906 0.286376 0.040013 0.031746
2 0.474537 0.467593 0.033069 0.033069